index,0,1,2
26457,0.05,0.13,0.82
26458,0.5,0.25,0.25
26459,0.05,0.08,0.87
26460,0.0,0.03,0.97
26461,0.07583333333333334,0.25583333333333336,0.6683333333333333
26462,0.01,0.02,0.97
26463,0.31,0.66,0.03
26464,0.03,0.0,0.97
26465,0.02,0.11,0.87
26466,0.0,0.24666666666666667,0.7533333333333334
26467,0.01,0.08,0.91
26468,0.01,0.01,0.98
26469,0.83,0.09,0.08
26470,0.205,0.435,0.36
26471,0.01,0.05,0.94
26472,0.135,0.215,0.65
26473,0.03,0.02,0.95
26474,0.23,0.74,0.03
26475,0.48800000000000004,0.28,0.23199999999999998
26476,0.03,0.06,0.91
26477,0.134,0.1875,0.6785
26478,0.075,0.05,0.875
26479,0.013333333333333332,0.07,0.9166666666666667
26480,0.02,0.11,0.87
26481,0.05,0.65,0.3
26482,0.09,0.0,0.91
26483,0.0,0.11,0.89
26484,0.15,0.14,0.71
26485,0.0,0.01,0.99
26486,0.06,0.29,0.65
26487,0.04333333333333333,0.11,0.8466666666666667
26488,0.08,0.9,0.02
26489,0.0,0.26,0.74
26490,0.12,0.2,0.68
26491,0.01,0.01,0.98
26492,0.027999999999999997,0.18,0.792
26493,0.85,0.15,0.0
26494,0.08,0.1,0.82
26495,0.05,0.04,0.91
26496,0.19,0.04,0.77
26497,0.01,0.91,0.08
26498,0.2875,0.55,0.1625
26499,0.01,0.06,0.93
26500,0.03,0.22,0.75
26501,0.09833333333333333,0.3133333333333333,0.5883333333333334
26502,0.0,0.02,0.98
26503,0.2,0.51,0.29
26504,0.14,0.185,0.675
26505,0.01,0.02,0.97
26506,0.07,0.91,0.02
26507,0.11,0.88,0.01
26508,0.32666666666666666,0.30333333333333334,0.37
26509,0.05,0.05,0.9
26510,0.01,0.08,0.91
26511,0.04,0.01,0.95
26512,0.105,0.23,0.665
26513,0.01,0.028333333333333335,0.9616666666666667
26514,0.04,0.04,0.92
26515,0.0825,0.0,0.9175
26516,0.03,0.19,0.78
26517,0.23199999999999998,0.728,0.04
26518,0.06,0.16,0.78
26519,0.7358333333333335,0.05,0.21416666666666664
26520,0.0,0.96,0.04
26521,0.01,0.04,0.95
26522,0.08,0.21,0.71
26523,0.138,0.12,0.742
26524,0.04,0.21166666666666667,0.7483333333333333
26525,0.26166666666666666,0.15333333333333332,0.585
26526,0.02,0.1225,0.8575
26527,0.08,0.784,0.136
26528,0.11333333333333333,0.8866666666666667,0.0
26529,0.52,0.07,0.41
26530,0.07,0.24,0.69
26531,0.0,0.015714285714285715,0.9842857142857143
26532,0.78,0.0,0.22
26533,0.0745,0.06,0.8654999999999999
26534,0.04233333333333333,0.09,0.8676666666666668
26535,0.0,0.04,0.96
26536,0.09,0.15666666666666665,0.7533333333333334
26537,0.02,0.04,0.94
26538,0.03,0.51,0.46
26539,0.07,0.11666666666666665,0.8133333333333335
26540,0.165,0.255,0.58
26541,0.0,0.06,0.94
26542,0.08,0.11833333333333335,0.8016666666666665
26543,0.04,0.04,0.92
26544,0.15,0.11,0.74
26545,0.05,0.25,0.7
26546,0.02,0.05,0.93
26547,0.0,0.01,0.99
26548,0.08,0.0,0.92
26549,0.39,0.61,0.0
26550,0.01,0.4158333333333333,0.5741666666666666
26551,0.0,0.68,0.32
26552,0.03,0.12,0.85
26553,0.02,0.05,0.93
26554,0.23,0.47,0.3
26555,0.05,0.0175,0.9325
26556,0.0,0.08,0.92
26557,0.046,0.013999999999999999,0.94
26558,0.7166666666666667,0.07,0.21333333333333335
26559,0.21,0.003333333333333333,0.7866666666666666
26560,0.1,0.09666666666666666,0.8033333333333332
26561,0.02,0.07,0.91
26562,0.06,0.03,0.91
26563,0.06,0.11,0.83
26564,0.01,0.07,0.92
26565,0.04,0.81,0.15
26566,0.13,0.17,0.7
26567,0.05333333333333334,0.016666666666666666,0.93
26568,0.18,0.76,0.06
26569,0.01,0.114,0.8759999999999999
26570,0.15,0.4758333333333333,0.37416666666666665
26571,0.02,0.055,0.925
26572,0.15,0.22,0.63
26573,0.11600000000000002,0.174,0.71
26574,0.17333333333333337,0.06333333333333332,0.7633333333333334
26575,0.08,0.18,0.74
26576,0.02,0.02,0.96
26577,0.09,0.24,0.67
26578,0.2,0.3,0.5
26579,0.25,0.74,0.01
26580,0.034,0.07800000000000001,0.888
26581,0.125,0.2941666666666667,0.5808333333333333
26582,0.0,0.016,0.9840000000000001
26583,0.0,0.09,0.91
26584,0.03,0.19,0.78
26585,0.01,0.88,0.11
26586,0.22,0.65,0.13
26587,0.095,0.5625,0.3425
26588,0.01,0.025,0.965
26589,0.051,0.03666666666666667,0.9123333333333332
26590,0.02,0.7941666666666667,0.18583333333333332
26591,0.17,0.72,0.11
26592,0.24,0.06,0.7
26593,0.23,0.63,0.14
26594,0.11,0.07,0.82
26595,0.01,0.03,0.96
26596,0.01,0.068,0.922
26597,0.13,0.68,0.19
26598,0.02,0.07,0.91
26599,0.031,0.016666666666666666,0.9523333333333334
26600,0.0,0.02,0.98
26601,0.015,0.3,0.685
26602,0.02,0.06,0.92
26603,0.13,0.1,0.77
26604,0.02,0.14,0.84
26605,0.02,0.06,0.92
26606,0.15,0.51,0.34
26607,0.07,0.92,0.01
26608,0.026666666666666665,0.064,0.9093333333333332
26609,0.06,0.03333333333333333,0.9066666666666667
26610,0.24666666666666665,0.7433333333333334,0.01
26611,0.04,0.21333333333333335,0.7466666666666666
26612,0.031,0.605,0.364
26613,0.08,0.17,0.75
26614,0.0,0.04,0.96
26615,0.14550000000000002,0.17333333333333337,0.6811666666666667
26616,0.03,0.054000000000000006,0.9159999999999999
26617,0.185,0.08,0.735
26618,0.049,0.07,0.8809999999999999
26619,0.1325,0.3,0.5675
26620,0.06,0.94,0.0
26621,0.02,0.01,0.97
26622,0.12666666666666668,0.36,0.5133333333333333
26623,0.0,0.8341666666666666,0.16583333333333336
26624,0.06,0.10666666666666667,0.8333333333333335
26625,0.88,0.06,0.06
26626,0.16,0.03,0.81
26627,0.01,0.06,0.93
26628,0.04,0.06,0.9
26629,0.01,0.0,0.99
26630,0.08,0.066,0.8540000000000001
26631,0.02,0.02,0.96
26632,0.36200000000000004,0.12666666666666668,0.5113333333333333
26633,0.075,0.1416666666666667,0.7833333333333333
26634,0.04,0.05,0.91
26635,0.02333333333333333,0.18,0.7966666666666665
26636,0.04,0.40345238095238095,0.5565476190476191
26637,0.0,0.02595238095238095,0.9740476190476189
26638,0.02,0.93,0.05
26639,0.4925,0.4275,0.08
26640,0.03266666666666666,0.06066666666666667,0.9066666666666666
26641,0.06,0.86,0.08
26642,0.02,0.02,0.96
26643,0.22,0.18,0.6
26644,0.08,0.15,0.77
26645,0.03,0.03,0.94
26646,0.64,0.02,0.34
26647,0.09,0.05,0.86
26648,0.07,0.77,0.16
26649,0.07,0.06,0.87
26650,0.94,0.05,0.01
26651,0.21083333333333334,0.7491666666666668,0.04
26652,0.61,0.0,0.39
26653,0.04,0.01,0.95
26654,0.11,0.72,0.17
26655,0.07,0.435,0.495
26656,0.01,0.12,0.87
26657,0.09,0.32,0.59
26658,0.02,0.27,0.71
26659,0.28,0.2115,0.5085000000000001
26660,0.1,0.67,0.23
26661,0.03,0.07,0.9
26662,0.0175,0.16,0.8225
26663,0.07,0.48,0.45
26664,0.05,0.055,0.895
26665,0.18416666666666667,0.51,0.30583333333333335
26666,0.0,0.87,0.13
26667,0.068,0.042,0.89
26668,0.07,0.7783333333333333,0.15166666666666667
26669,0.0,0.504702380952381,0.49529761904761904
26670,0.45333333333333337,0.27,0.27666666666666667
26671,0.04,0.31,0.65
26672,0.035,0.055,0.91
26673,0.14,0.14,0.72
26674,0.7,0.05,0.25
26675,0.0725,0.12,0.8075
26676,0.05,0.08,0.87
26677,0.01,0.02,0.97
26678,0.05,0.6166666666666667,0.33333333333333326
26679,0.44,0.06,0.5
26680,0.02,0.03,0.95
26681,0.1,0.06,0.84
26682,0.01,0.15,0.84
26683,0.02,0.33,0.65
26684,0.04,0.1,0.86
26685,0.29383333333333334,0.09,0.6161666666666666
26686,0.0,0.09849999999999999,0.9015000000000001
26687,0.30833333333333335,0.02,0.6716666666666665
26688,0.11,0.84,0.05
26689,0.04,0.18916666666666668,0.7708333333333333
26690,0.01,0.05,0.94
26691,0.03,0.1,0.87
26692,0.0,0.07,0.93
26693,0.35,0.02,0.63
26694,0.6609126984126985,0.3390873015873015,0.0
26695,0.05466666666666667,0.03,0.9153333333333333
26696,0.02,0.01,0.97
26697,0.02,0.02,0.96
26698,0.005555555555555556,0.0,0.9944444444444445
26699,0.09,0.4,0.51
26700,0.03,0.67,0.3
26701,0.2003333333333333,0.24416666666666667,0.5555
26702,0.12285714285714286,0.3271428571428572,0.55
26703,0.06,0.1,0.84
26704,0.02,0.02,0.96
26705,0.02,0.03,0.95
26706,0.07,0.095,0.835
26707,0.7033333333333335,0.04,0.25666666666666665
26708,0.035,0.1,0.865
26709,0.02,0.01,0.97
26710,0.37,0.37,0.26
26711,0.32,0.04,0.64
26712,0.03,0.12333333333333334,0.8466666666666667
26713,0.16333333333333336,0.48266666666666663,0.354
26714,0.02583333333333333,0.1625,0.8116666666666668
26715,0.02,0.69,0.29
26716,0.01,0.98,0.01
26717,0.04,0.09750000000000002,0.8625000000000002
26718,0.03833333333333334,0.1725,0.7891666666666666
26719,0.051666666666666666,0.22,0.7283333333333334
26720,0.3123333333333333,0.05,0.6376666666666666
26721,0.0,0.4843333333333334,0.5156666666666667
26722,0.43,0.08,0.49
26723,0.115,0.13,0.755
26724,0.0125,0.68625,0.30125
26725,0.0,0.13,0.87
26726,0.09733333333333334,0.83,0.07266666666666667
26727,0.06,0.06,0.88
26728,0.04,0.395,0.565
26729,0.43,0.115,0.455
26730,0.025,0.325,0.65
26731,0.01,0.09,0.9
26732,0.158,0.8420000000000001,0.0
26733,0.03,0.05,0.92
26734,0.03,0.15,0.82
26735,0.0175,0.11,0.8725
26736,0.05,0.52,0.43
26737,0.16216666666666668,0.05,0.7878333333333333
26738,0.01,0.07,0.92
26739,0.722,0.06,0.218
26740,0.0,0.01,0.99
26741,0.13,0.84,0.03
26742,0.05,0.08,0.87
26743,0.11,0.05,0.84
26744,0.12016666666666667,0.07666666666666666,0.8031666666666666
26745,0.0,0.02,0.98
26746,0.5466666666666666,0.1,0.35333333333333333
26747,0.05,0.69,0.26
26748,0.25,0.725,0.025
26749,0.015,0.185,0.8
26750,0.03,0.02,0.95
26751,0.05,0.1,0.85
26752,0.02,0.7966666666666665,0.18333333333333332
26753,0.07533333333333334,0.0575,0.8671666666666666
26754,0.0,0.01,0.99
26755,0.0,0.05,0.95
26756,0.3,0.07,0.63
26757,0.03,0.115,0.855
26758,0.54,0.12166666666666666,0.3383333333333334
26759,0.06,0.38,0.56
26760,0.43733333333333335,0.23466666666666666,0.32799999999999996
26761,0.01,0.1025,0.8875
26762,0.01,0.08,0.91
26763,0.08,0.07,0.85
26764,0.07428571428571429,0.14,0.7857142857142857
26765,0.02,0.07,0.91
26766,0.02,0.32,0.66
26767,0.10333333333333333,0.13,0.7666666666666666
26768,0.01,0.98,0.01
26769,0.25,0.2,0.55
26770,0.16,0.14,0.7
26771,0.14,0.86,0.0
26772,0.84,0.01,0.15
26773,0.154,0.28,0.5660000000000001
26774,0.07666666666666667,0.22333333333333333,0.7
26775,0.01,0.21,0.78
26776,0.05,0.03,0.92
26777,0.04,0.14,0.82
26778,0.04,0.06,0.9
26779,0.065,0.045,0.89
26780,0.09,0.2,0.71
26781,0.018000000000000002,0.23,0.752
26782,0.02,0.03,0.95
26783,0.18,0.03,0.79
26784,0.01,0.795,0.195
26785,0.02,0.14666666666666667,0.8333333333333333
26786,0.81,0.03,0.16
26787,0.01,0.016666666666666666,0.9733333333333333
26788,0.05666666666666667,0.6,0.3433333333333334
26789,0.1375,0.3925,0.47
26790,0.05,0.5766666666666667,0.37333333333333335
26791,0.06,0.115,0.825
26792,0.11,0.075,0.815
26793,0.0,0.09416666666666666,0.9058333333333333
26794,0.03,0.085,0.885
26795,0.02,0.4648571428571428,0.5151428571428572
26796,0.15,0.84,0.01
26797,0.07,0.33699999999999997,0.593
26798,0.5433333333333333,0.12,0.33666666666666667
26799,0.05,0.06,0.89
26800,0.04333333333333333,0.9366666666666668,0.02
26801,0.01,0.8583333333333333,0.13166666666666665
26802,0.08216666666666667,0.04,0.8778333333333334
26803,0.01,0.22333333333333333,0.7666666666666667
26804,0.02,0.09,0.89
26805,0.01,0.04,0.95
26806,0.005,0.325,0.67
26807,0.0,0.02,0.98
26808,0.045,0.22,0.735
26809,0.06,0.09,0.85
26810,0.01,0.0925,0.8975
26811,0.04,0.02333333333333333,0.9366666666666668
26812,0.03,0.08,0.89
26813,0.2,0.3775,0.4225
26814,0.185,0.13,0.685
26815,0.13,0.21,0.66
26816,0.04,0.62,0.34
26817,0.08,0.035,0.885
26818,0.03,0.12,0.85
26819,0.02,0.07,0.91
26820,0.1825,0.7975,0.02
26821,0.14,0.8475,0.0125
26822,0.08,0.3466666666666666,0.5733333333333334
26823,0.04,0.11,0.85
26824,0.01,0.12,0.87
26825,0.038,0.12,0.8420000000000001
26826,0.05,0.06,0.89
26827,0.03,0.21666666666666667,0.7533333333333334
26828,0.06,0.14,0.8
26829,0.06333333333333332,0.06,0.8766666666666667
26830,0.06,0.0575,0.8825
26831,0.04,0.03,0.93
26832,0.01,0.03,0.96
26833,0.0,0.032857142857142856,0.9671428571428572
26834,0.0,0.22,0.78
26835,0.97,0.02,0.01
26836,0.1675,0.4525,0.38
26837,0.11,0.07,0.82
26838,0.01,0.7691666666666669,0.22083333333333335
26839,0.83,0.05,0.12
26840,0.22333333333333333,0.25,0.5266666666666667
26841,0.01,0.02,0.97
26842,0.0,0.03,0.97
26843,0.066,0.12833333333333333,0.8056666666666666
26844,0.0,0.8,0.2
26845,0.36,0.05,0.59
26846,0.03,0.03,0.94
26847,0.12285714285714286,0.25,0.6271428571428571
26848,0.13,0.03,0.84
26849,0.07,0.14666666666666667,0.7833333333333333
26850,0.0575,0.2175,0.725
26851,0.11333333333333334,0.18,0.7066666666666666
26852,0.04,0.82,0.14
26853,0.04,0.08,0.88
26854,0.09666666666666668,0.8983333333333333,0.005
26855,0.02,0.1733333333333333,0.8066666666666668
26856,0.22,0.03,0.75
26857,0.09,0.3,0.61
26858,0.01,0.87,0.12
26859,0.0,0.73,0.27
26860,0.06333333333333334,0.8466666666666666,0.09
26861,0.02,0.455,0.525
26862,0.045,0.15500000000000003,0.8
26863,0.0,0.03,0.97
26864,0.03,0.62,0.35
26865,0.06,0.12,0.82
26866,0.0,0.03,0.97
26867,0.08,0.1,0.82
26868,0.034,0.06,0.9059999999999999
26869,0.0,0.02,0.98
26870,0.02,0.87,0.11
26871,0.4,0.08,0.52
26872,0.0,0.105,0.895
26873,0.030666666666666665,0.102,0.8673333333333333
26874,0.05,0.64,0.31
26875,0.0,0.45088095238095227,0.5491190476190477
26876,0.01,0.07,0.92
26877,0.05,0.01,0.94
26878,0.18416666666666665,0.135,0.6808333333333334
26879,0.01,0.08,0.91
26880,0.7,0.01,0.29
26881,0.03,0.12,0.85
26882,0.22,0.0,0.78
26883,0.07,0.16,0.77
26884,0.02,0.85,0.13
26885,0.61,0.045,0.345
26886,0.04,0.01,0.95
26887,0.01,0.03,0.96
26888,0.2183333333333333,0.20816666666666667,0.5734999999999999
26889,0.01,0.08,0.91
26890,0.09,0.19,0.72
26891,0.09,0.76,0.15
26892,0.114,0.215,0.6709999999999999
26893,0.03,0.08,0.89
26894,0.0,0.03,0.97
26895,0.1,0.5,0.4
26896,0.1,0.22,0.68
26897,0.01,0.21,0.78
26898,0.01,0.08,0.91
26899,0.0875,0.28,0.6325
26900,0.0,0.1,0.9
26901,0.01,0.035,0.955
26902,0.0,0.03,0.97
26903,0.08,0.14,0.78
26904,0.19,0.76,0.05
26905,0.1,0.10400000000000001,0.7959999999999999
26906,0.02,0.065,0.915
26907,0.03,0.04,0.93
26908,0.01,0.02,0.97
26909,0.03,0.74,0.23
26910,0.085,0.27,0.645
26911,0.09,0.04,0.87
26912,0.05,0.12,0.83
26913,0.16,0.02,0.82
26914,0.01,0.1515,0.8384999999999999
26915,0.07,0.1,0.83
26916,0.15,0.84,0.01
26917,0.01,0.07,0.92
26918,0.04666666666666666,0.075,0.8783333333333333
26919,0.845,0.11,0.045
26920,0.0,0.11,0.89
26921,0.0,0.8478095238095237,0.1521904761904762
26922,0.11,0.47600000000000003,0.414
26923,0.02,0.07,0.91
26924,0.16,0.05,0.79
26925,0.05,0.1,0.85
26926,0.09833333333333333,0.3316666666666667,0.57
26927,0.07,0.21,0.72
26928,0.02,0.98,0.0
26929,0.03,0.19,0.78
26930,0.02,0.86,0.12
26931,0.205,0.755,0.04
26932,0.02,0.6733333333333333,0.3066666666666667
26933,0.63,0.10333333333333332,0.26666666666666666
26934,0.03,0.09833333333333333,0.8716666666666667
26935,0.03,0.05,0.92
26936,0.0,0.03,0.97
26937,0.10166666666666668,0.285,0.6133333333333334
26938,0.28600000000000003,0.644,0.07
26939,0.24,0.76,0.0
26940,0.155,0.23083333333333336,0.6141666666666667
26941,0.0,0.071,0.929
26942,0.095,0.1,0.805
26943,0.05,0.6,0.35
26944,0.07,0.09,0.84
26945,0.013333333333333332,0.78,0.20666666666666664
26946,0.01,0.01,0.98
26947,0.02,0.16,0.82
26948,0.04916666666666667,0.135,0.8158333333333333
26949,0.14,0.01,0.85
26950,0.06,0.04,0.9
26951,0.775,0.215,0.01
26952,0.17666666666666664,0.24166666666666667,0.5816666666666667
26953,0.0,0.0,1.0
26954,0.03,0.075,0.895
26955,0.026666666666666665,0.71,0.26333333333333336
26956,0.0,0.51,0.49
26957,0.92,0.02,0.06
26958,0.64,0.08,0.28
26959,0.06,0.15,0.79
26960,0.03,0.11449999999999999,0.8554999999999999
26961,0.04666666666666667,0.04,0.9133333333333333
26962,0.02,0.85,0.13
26963,0.35,0.02,0.63
26964,0.08,0.2325,0.6875
26965,0.026666666666666665,0.6008333333333333,0.3725
26966,0.1,0.22,0.68
26967,0.02,0.05,0.93
26968,0.04,0.47,0.49
26969,0.015,0.03,0.955
26970,0.04650000000000001,0.145,0.8085
26971,0.05,0.06,0.89
26972,0.18,0.67,0.15
26973,0.09,0.19,0.72
26974,0.01,0.03,0.96
26975,0.04,0.01,0.95
26976,0.2,0.75,0.05
26977,0.17,0.155,0.675
26978,0.016,0.2603333333333333,0.7236666666666668
26979,0.14333333333333334,0.28,0.5766666666666667
26980,0.08,0.1125,0.8075
26981,0.017142857142857144,0.66,0.32285714285714284
26982,0.065,0.133,0.802
26983,0.08,0.17,0.75
26984,0.07,0.17333333333333337,0.7566666666666667
26985,0.11,0.47,0.42
26986,0.0,0.0,1.0
26987,0.01,0.92,0.07
26988,0.0,0.86,0.14
26989,0.15,0.1996666666666667,0.6503333333333333
26990,0.02,0.01,0.97
26991,0.025,0.08,0.895
26992,0.04,0.4833333333333333,0.47666666666666674
26993,0.0,0.02,0.98
26994,0.30833333333333335,0.085,0.6066666666666667
26995,0.038,0.26666666666666666,0.6953333333333334
26996,0.05,0.05,0.9
26997,0.37099999999999994,0.5656666666666667,0.06333333333333332
26998,0.16,0.06,0.78
26999,0.5925,0.11,0.2975
27000,0.02,0.36,0.62
27001,0.02,0.6958333333333333,0.2841666666666667
27002,0.0,0.23,0.77
27003,0.16833333333333336,0.24166666666666667,0.59
27004,0.09,0.08,0.83
27005,0.05,0.73,0.22
27006,0.02,0.0,0.98
27007,0.09,0.48,0.43
27008,0.166,0.27,0.564
27009,0.0,0.27,0.73
27010,0.055,0.37,0.575
27011,0.2,0.6566666666666666,0.1433333333333333
27012,0.01,0.035,0.955
27013,0.20833333333333337,0.18166666666666664,0.61
27014,0.01,0.76,0.23
27015,0.08333333333333331,0.45,0.4666666666666666
27016,0.035,0.04,0.925
27017,0.01,0.07,0.92
27018,0.075,0.05,0.875
27019,0.16,0.18,0.66
27020,0.01,0.6782380952380953,0.3117619047619048
27021,0.0,0.78,0.22
27022,0.03,0.14,0.83
27023,0.1,0.4592142857142858,0.4407857142857143
27024,0.08666666666666666,0.14,0.7733333333333333
27025,0.045,0.0,0.955
27026,0.01,0.03,0.96
27027,0.03,0.0,0.97
27028,0.42,0.115,0.465
27029,0.01,0.155,0.835
27030,0.0,0.2143333333333333,0.7856666666666666
27031,0.7352500000000001,0.17475,0.09
27032,0.2,0.07,0.73
27033,0.09,0.04,0.87
27034,0.22,0.0925,0.6875
27035,0.92,0.02,0.06
27036,0.02,0.04,0.94
27037,0.20666666666666664,0.19,0.6033333333333334
27038,0.03,0.05,0.92
27039,0.695,0.16,0.145
27040,0.19,0.08,0.73
27041,0.0,0.03,0.97
27042,0.188,0.772,0.04
27043,0.07,0.065,0.865
27044,0.01,0.0,0.99
27045,0.03,0.01,0.96
27046,0.04,0.1425,0.8175
27047,0.10666666666666666,0.45333333333333337,0.44
27048,0.51,0.49,0.0
27049,0.1,0.59,0.31
27050,0.0675,0.08,0.8525
27051,0.0,0.39154761904761903,0.608452380952381
27052,0.005,0.06,0.935
27053,0.0,0.2175,0.7825
27054,0.06,0.04,0.9
27055,0.09316666666666668,0.9068333333333334,0.0
27056,0.06,0.94,0.0
27057,0.05,0.28,0.67
27058,0.53,0.29,0.18
27059,0.13,0.092,0.778
27060,0.09,0.24,0.67
27061,0.86,0.05,0.09
27062,0.505,0.04,0.455
27063,0.11,0.12,0.77
27064,0.01,0.03,0.96
27065,0.11,0.3625,0.5275
27066,0.05,0.03,0.92
27067,0.14,0.12,0.74
27068,0.75,0.01,0.24
27069,0.015,0.01,0.975
27070,0.0,0.02,0.98
27071,0.03,0.07,0.9
27072,0.0,0.09,0.91
27073,0.011666666666666665,0.16,0.8283333333333335
27074,0.03,0.54,0.43
27075,0.0825,0.13416666666666668,0.7833333333333331
27076,0.105,0.06,0.835
27077,0.02,0.05,0.93
27078,0.06,0.01,0.93
27079,0.0,0.14333333333333334,0.8566666666666669
27080,0.01,0.89,0.1
27081,0.08142857142857142,0.01,0.9085714285714286
27082,0.025,0.05,0.925
27083,0.18,0.085,0.735
27084,0.01,0.68,0.31
27085,0.06,0.04,0.9
27086,0.37733333333333335,0.17833333333333334,0.44433333333333336
27087,0.08,0.145,0.775
27088,0.005,0.07,0.925
27089,0.051,0.094,0.855
27090,0.0,0.04,0.96
27091,0.14,0.65,0.21
27092,0.26166666666666666,0.6683333333333334,0.07
27093,0.08,0.5133333333333333,0.4066666666666666
27094,0.25,0.02,0.73
27095,0.02,0.015,0.965
27096,0.07,0.88,0.05
27097,0.07333333333333333,0.4425,0.48416666666666663
27098,0.08666666666666668,0.25833333333333336,0.655
27099,0.02,0.0,0.98
27100,0.03,0.04,0.93
27101,0.1,0.305,0.595
27102,0.04,0.21066666666666667,0.7493333333333334
27103,0.0,0.06,0.94
27104,0.2075,0.08,0.7125
27105,0.03,0.01,0.96
27106,0.02,0.03333333333333333,0.9466666666666668
27107,0.07,0.1,0.83
27108,0.01,0.09,0.9
27109,0.145,0.15,0.705
27110,0.12,0.04,0.84
27111,0.02,0.08,0.9
27112,0.955,0.01,0.035
27113,0.0,0.02,0.98
27114,0.36,0.03666666666666667,0.6033333333333334
27115,0.245,0.49,0.265
27116,0.06,0.25,0.69
27117,0.06,0.34,0.6
27118,0.0,0.01,0.99
27119,0.02,0.91,0.07
27120,0.11,0.89,0.0
27121,0.24,0.75,0.01
27122,0.045,0.20233333333333334,0.7526666666666668
27123,0.07400000000000001,0.15333333333333335,0.7726666666666666
27124,0.46,0.156,0.384
27125,0.09,0.12,0.79
27126,0.06,0.11,0.83
27127,0.45771428571428563,0.08,0.46228571428571436
27128,0.03,0.11,0.86
27129,0.15883333333333335,0.02,0.8211666666666666
27130,0.03,0.01,0.96
27131,0.7098333333333333,0.026666666666666665,0.26349999999999996
27132,0.18,0.02,0.8
27133,0.02,0.65,0.33
27134,0.04,0.5133333333333333,0.44666666666666666
27135,0.08,0.89,0.03
27136,0.01,0.6875,0.3025
27137,0.0,0.07,0.93
27138,0.65,0.08,0.27
27139,0.11433333333333331,0.12,0.7656666666666667
27140,0.56,0.02,0.42
27141,0.05,0.2791666666666667,0.6708333333333334
27142,0.73,0.075,0.195
27143,0.03,0.0825,0.8875
27144,0.11,0.0,0.89
27145,0.76,0.03,0.21
27146,0.01,0.01,0.98
27147,0.05,0.08,0.87
27148,0.03,0.08,0.89
27149,0.03,0.34666666666666673,0.6233333333333334
27150,0.01,0.06,0.93
27151,0.03,0.0925,0.8775
27152,0.21333333333333332,0.03,0.7566666666666666
27153,0.0,0.03,0.97
27154,0.01,0.63,0.36
27155,0.06,0.1,0.84
27156,0.14533333333333334,0.1005,0.7541666666666668
27157,0.17,0.11900000000000001,0.711
27158,0.0,0.0,1.0
27159,0.02,0.01,0.97
27160,0.0,0.01,0.99
27161,0.6,0.03,0.37
27162,0.03,0.4754999999999998,0.49450000000000016
27163,0.03,0.0275,0.9425
27164,0.04,0.085,0.875
27165,0.02,0.01,0.97
27166,0.07333333333333333,0.12916666666666668,0.7975
27167,0.07,0.20666666666666664,0.7233333333333334
27168,0.20833333333333337,0.28,0.5116666666666666
27169,0.01,0.02,0.97
27170,0.27,0.04,0.69
27171,0.04,0.2652857142857143,0.6947142857142856
27172,0.01,0.04,0.95
27173,0.0,0.045,0.955
27174,0.0,0.7883333333333333,0.21166666666666667
27175,0.6255476190476188,0.01,0.364452380952381
27176,0.03,0.16,0.81
27177,0.04,0.4,0.56
27178,0.03,0.04,0.93
27179,0.0025,0.01,0.9875
27180,0.03,0.05333333333333334,0.9166666666666667
27181,0.34,0.02,0.64
27182,0.0245,0.01575,0.95975
27183,0.0,0.04,0.96
27184,0.0925,0.056666666666666664,0.8508333333333333
27185,0.01,0.05,0.94
27186,0.0,0.21869047619047616,0.7813095238095238
27187,0.03,0.15,0.82
27188,0.02,0.0475,0.9325
27189,0.01,0.11,0.88
27190,0.18916666666666668,0.006666666666666666,0.8041666666666666
27191,0.2775,0.7025,0.02
27192,0.04,0.11,0.85
27193,0.04,0.0,0.96
27194,0.03,0.06666666666666667,0.9033333333333333
27195,0.01,0.0,0.99
27196,0.0,0.0475,0.9525
27197,0.18,0.156,0.664
27198,0.0,0.0,1.0
27199,0.075,0.055,0.87
27200,0.0,0.86,0.14
27201,0.01,0.09666666666666666,0.8933333333333334
27202,0.02,0.1,0.88
27203,0.0,0.03,0.97
27204,0.73,0.1,0.17
27205,0.14,0.0,0.86
27206,0.01,0.07,0.92
27207,0.07,0.07,0.86
27208,0.06,0.11,0.83
27209,0.2325,0.09,0.6775
27210,0.09666666666666666,0.03,0.8733333333333333
27211,0.01,0.5375,0.4525
27212,0.0,0.0,1.0
27213,0.04,0.08199999999999999,0.878
27214,0.19433333333333333,0.16899999999999998,0.6366666666666666
27215,0.105,0.15,0.745
27216,0.01,0.0,0.99
27217,0.82,0.054000000000000006,0.126
27218,0.013333333333333332,0.29,0.6966666666666665
27219,0.2,0.105,0.695
27220,0.05,0.64,0.31
27221,0.8,0.08,0.12
27222,0.366,0.614,0.02
27223,0.06,0.15,0.79
27224,0.105,0.5266666666666666,0.3683333333333333
27225,0.03,0.0,0.97
27226,0.7,0.25833333333333336,0.04166666666666666
27227,0.19,0.81,0.0
27228,0.03,0.76,0.21
27229,0.08,0.19,0.73
27230,0.6335000000000001,0.03,0.33649999999999997
27231,0.04,0.06,0.9
27232,0.1,0.22,0.68
27233,0.61,0.27,0.12
27234,0.02,0.03,0.95
27235,0.065,0.095,0.84
27236,0.2,0.16,0.64
27237,0.14,0.6693333333333333,0.19066666666666665
27238,0.0,0.84,0.16
27239,0.02,0.3115,0.6685
27240,0.13,0.81,0.06
27241,0.34,0.26,0.4
27242,0.04416666666666666,0.05,0.9058333333333334
27243,0.63,0.03,0.34
27244,0.09,0.06,0.85
27245,0.0,0.0,1.0
27246,0.03,0.02,0.95
27247,0.17,0.16666666666666669,0.6633333333333333
27248,0.03,0.8025,0.1675
27249,0.01,0.02,0.97
27250,0.09,0.1433333333333333,0.7666666666666666
27251,0.03,0.18600000000000003,0.784
27252,0.21,0.19,0.6
27253,0.05,0.71,0.24
27254,0.015,0.28,0.705
27255,0.03,0.12,0.85
27256,0.14,0.305,0.555
27257,0.82,0.01,0.17
27258,0.115,0.21,0.675
27259,0.04,0.19,0.77
27260,0.215,0.5,0.285
27261,0.125,0.16,0.715
27262,0.01,0.865,0.125
27263,0.13,0.36,0.51
27264,0.02,0.3,0.68
27265,0.0,0.0,1.0
27266,0.05,0.06,0.89
27267,0.22,0.65,0.13
27268,0.03,0.05,0.92
27269,0.09,0.1,0.81
27270,0.03,0.04,0.93
27271,0.04,0.6,0.36
27272,0.04,0.05,0.91
27273,0.24,0.22,0.54
27274,0.06,0.02,0.92
27275,0.0,0.07,0.93
27276,0.17666666666666667,0.125,0.6983333333333333
27277,0.04,0.05,0.91
27278,0.01,0.08,0.91
27279,0.34950000000000003,0.1821666666666667,0.4683333333333334
27280,0.0,0.69,0.31
27281,0.75,0.03,0.22
27282,0.0,0.11,0.89
27283,0.11,0.86,0.03
27284,0.05,0.91,0.04
27285,0.31,0.1,0.59
27286,0.09,0.4016666666666667,0.5083333333333333
27287,0.015,0.4013333333333334,0.5836666666666666
27288,0.04,0.0825,0.8775
27289,0.0,0.07,0.93
27290,0.05,0.46,0.49
27291,0.075,0.11,0.815
27292,0.0,0.28,0.72
27293,0.25,0.17,0.58
27294,0.14,0.09,0.77
27295,0.01,0.04,0.95
27296,0.03,0.23,0.74
27297,0.35333333333333333,0.13666666666666666,0.51
27298,0.01,0.2341666666666667,0.7558333333333332
27299,0.01,0.16,0.83
27300,0.5433333333333333,0.05,0.40666666666666673
27301,0.06166666666666666,0.15666666666666665,0.7816666666666666
27302,0.12000000000000002,0.75,0.13
27303,0.66,0.0,0.34
27304,0.01,0.4367142857142858,0.5532857142857143
27305,0.01,0.03,0.96
27306,0.025,0.01,0.9649999999999999
27307,0.01,0.045,0.945
27308,0.07,0.04,0.89
27309,0.03,0.05,0.92
27310,0.06,0.09,0.85
27311,0.08,0.06,0.86
27312,0.10666666666666667,0.10333333333333332,0.79
27313,0.01,0.0,0.99
27314,0.04,0.04,0.92
27315,0.0,0.03,0.97
27316,0.01,0.006666666666666666,0.9833333333333333
27317,0.15,0.85,0.0
27318,0.03,0.84,0.13
27319,0.06,0.115,0.825
27320,0.22333333333333336,0.15571428571428572,0.6209523809523809
27321,0.01,0.01,0.98
27322,0.03,0.02,0.95
27323,0.09,0.23,0.68
27324,0.095,0.2,0.705
27325,0.0,0.52,0.48
27326,0.375,0.12,0.505
27327,0.198,0.742,0.06
27328,0.01,0.21,0.78
27329,0.0,0.05,0.95
27330,0.02,0.83,0.15
27331,0.27,0.06,0.67
27332,0.155,0.11349999999999999,0.7315
27333,0.43,0.06,0.51
27334,0.03,0.02,0.95
27335,0.02,0.02,0.96
27336,0.3258333333333333,0.0,0.6741666666666666
27337,0.561,0.06,0.379
27338,0.15,0.75,0.1
27339,0.13,0.34,0.53
27340,0.03,0.02,0.95
27341,0.01,0.03,0.96
27342,0.01,0.2733333333333334,0.7166666666666667
27343,0.0,0.01,0.99
27344,0.01,0.07,0.92
27345,0.3,0.06,0.64
27346,0.135,0.22875,0.63625
27347,0.15666666666666668,0.05,0.7933333333333334
27348,0.02,0.05,0.93
27349,0.48,0.01,0.51
27350,0.04,0.13,0.83
27351,0.07,0.07,0.86
27352,0.07,0.0,0.93
27353,0.07666666666666667,0.16,0.7633333333333333
27354,0.05,0.36,0.59
27355,0.0025,0.0275,0.97
27356,0.02,0.02,0.96
27357,0.08,0.18,0.74
27358,0.0,0.075,0.925
27359,0.01,0.505,0.4850000000000001
27360,0.05,0.11,0.84
27361,0.03,0.97,0.0
27362,0.125,0.6725,0.2025
27363,0.07,0.025,0.905
27364,0.01,0.88,0.11
27365,0.41577777777777775,0.01,0.5742222222222223
27366,0.12,0.23,0.65
27367,0.04333333333333334,0.07416666666666667,0.8825
27368,0.15416666666666667,0.6158333333333333,0.23
27369,0.19,0.75,0.06
27370,0.2841666666666667,0.7058333333333331,0.01
27371,0.86,0.01,0.13
27372,0.03,0.0,0.97
27373,0.06,0.63,0.31
27374,0.08,0.23,0.69
27375,0.06,0.13,0.81
27376,0.4325,0.08,0.4875
27377,0.07,0.33166666666666667,0.5983333333333334
27378,0.425,0.555,0.02
27379,0.01,0.02,0.97
27380,0.47404761904761905,0.45595238095238094,0.07
27381,0.01,0.5161666666666667,0.47383333333333333
27382,0.24,0.36,0.4
27383,0.0,0.02,0.98
27384,0.02,0.54,0.44
27385,0.84,0.0275,0.1325
27386,0.0875,0.1,0.8125
27387,0.12,0.35,0.53
27388,0.01,0.02,0.97
27389,0.145,0.155,0.7
27390,0.63,0.22666666666666666,0.1433333333333333
27391,0.13666666666666666,0.013333333333333332,0.85
27392,0.0,0.0,1.0
27393,0.04,0.24,0.72
27394,0.12852380952380954,0.16714285714285715,0.7043333333333334
27395,0.0,0.01,0.99
27396,0.02,0.0365,0.9434999999999999
27397,0.01,0.94,0.05
27398,0.42,0.01,0.57
27399,0.0,0.74,0.26
27400,0.0,0.19,0.81
27401,0.12,0.01,0.87
27402,0.02,0.8533333333333333,0.12666666666666668
27403,0.13,0.2225,0.6475
27404,0.18,0.81,0.01
27405,0.26049999999999995,0.3791428571428571,0.3603571428571428
27406,0.145,0.19833333333333336,0.6566666666666666
27407,0.02,0.29,0.69
27408,0.06,0.0575,0.8825
27409,0.31980952380952377,0.6501904761904761,0.03
27410,0.0,0.02,0.98
27411,0.0,0.03,0.97
27412,0.10666666666666666,0.45333333333333337,0.44
27413,0.28,0.19066666666666665,0.5293333333333333
27414,0.02,0.91,0.07
27415,1.0,0.0,0.0
27416,0.09666666666666666,0.1,0.8033333333333332
27417,0.17,0.2008333333333333,0.6291666666666667
27418,0.01,0.81,0.18
27419,0.01,0.97,0.02
27420,0.11416666666666667,0.1575,0.7283333333333333
27421,0.03,0.0,0.97
27422,0.01,0.01,0.98
27423,0.10966666666666666,0.22,0.6703333333333333
27424,0.83,0.013333333333333332,0.15666666666666665
27425,0.5666666666666668,0.08,0.35333333333333333
27426,0.0725,0.08650000000000001,0.841
27427,0.105,0.895,0.0
27428,0.01,0.155,0.8350000000000002
27429,0.07800000000000001,0.122,0.8
27430,0.14859523809523809,0.0,0.8514047619047619
27431,0.6783333333333335,0.047666666666666656,0.27399999999999997
27432,0.14500000000000002,0.39333333333333337,0.46166666666666667
27433,0.15,0.42,0.43
27434,0.04333333333333334,0.11,0.8466666666666666
27435,0.01,0.17,0.82
27436,0.085,0.22,0.695
27437,0.065,0.07,0.865
27438,0.0325,0.026666666666666665,0.9408333333333333
27439,0.02,0.02,0.96
27440,0.13,0.14,0.73
27441,0.33,0.045,0.625
27442,0.08,0.01,0.91
27443,0.11,0.26,0.63
27444,0.13,0.09,0.78
27445,0.0575,0.55,0.3925
27446,0.08666666666666666,0.22166666666666665,0.6916666666666665
27447,0.02,0.24600000000000002,0.7340000000000001
27448,0.11,0.11166666666666666,0.7783333333333333
27449,0.0,0.04,0.96
27450,0.04,0.95,0.01
27451,0.02,0.02,0.96
27452,0.01,0.05,0.94
27453,0.08,0.56,0.36
27454,0.18,0.26,0.56
27455,0.065,0.06666666666666667,0.8683333333333334
27456,0.0,0.32,0.68
27457,0.069,0.061,0.87
27458,0.142,0.1,0.758
27459,0.3,0.21,0.49
27460,0.07333333333333333,0.2525,0.6741666666666667
27461,0.035833333333333335,0.0875,0.8766666666666666
27462,0.05,0.11,0.84
27463,0.65,0.03,0.32
27464,0.04,0.17,0.79
27465,0.3,0.08,0.62
27466,0.05,0.35,0.6
27467,0.0,0.01,0.99
27468,0.01,0.02,0.97
27469,0.06,0.06,0.88
27470,0.11,0.01,0.88
27471,0.05,0.02,0.93
27472,0.05,0.09,0.86
27473,0.02,0.03,0.95
27474,0.56,0.19,0.25
27475,0.08,0.55,0.37
27476,0.00125,0.78,0.21875
27477,0.1,0.44250000000000006,0.4575
27478,0.0,0.06,0.94
27479,0.68,0.01,0.31
27480,0.11,0.49,0.4
27481,0.065,0.485,0.45
27482,0.02,0.09,0.89
27483,0.04,0.2693809523809524,0.6906190476190477
27484,0.1,0.38750000000000007,0.5125000000000001
27485,0.19166666666666665,0.17,0.6383333333333333
27486,0.0,0.77,0.23
27487,0.11,0.05,0.84
27488,0.07,0.11,0.82
27489,0.0,0.01,0.99
27490,0.08,0.095,0.825
27491,0.08333333333333331,0.8566666666666666,0.06
27492,0.08,0.08166666666666667,0.8383333333333333
27493,0.01,0.03,0.96
27494,0.02,0.03,0.95
27495,0.03,0.30511904761904757,0.6648809523809522
27496,0.0,0.8316666666666666,0.16833333333333336
27497,0.0,0.47,0.53
27498,0.74,0.16,0.1
27499,0.12,0.19,0.69
27500,0.02,0.03,0.95
27501,0.03666666666666667,0.055,0.9083333333333334
27502,0.02,0.9,0.08
27503,0.02,0.06,0.92
27504,0.03,0.73,0.24
27505,0.2,0.0,0.8
27506,0.45935714285714274,0.01,0.5306428571428573
27507,0.1416666666666667,0.06833333333333333,0.79
27508,0.09,0.0,0.91
27509,0.03,0.03,0.94
27510,0.75,0.09,0.16
27511,0.04333333333333333,0.01,0.9466666666666668
27512,0.0,0.03,0.97
27513,0.2,0.78,0.02
27514,0.08,0.08,0.84
27515,0.08,0.04333333333333333,0.8766666666666666
27516,0.03,0.19,0.78
27517,0.3,0.11,0.59
27518,0.065,0.02,0.915
27519,0.06,0.08333333333333331,0.8566666666666666
27520,0.01,0.248,0.742
27521,0.11833333333333335,0.8416666666666667,0.04
27522,0.22,0.73,0.05
27523,0.15,0.71,0.14
27524,0.02,0.28,0.7
27525,0.08333333333333331,0.215,0.7016666666666667
27526,0.04,0.06,0.9
27527,0.38283333333333325,0.05333333333333333,0.5638333333333333
27528,0.07,0.084,0.8460000000000001
27529,0.04,0.61,0.35
27530,0.02,0.51,0.47
27531,0.05,0.105,0.845
27532,0.0,0.05,0.95
27533,0.11,0.2,0.69
27534,0.11,0.7193333333333334,0.17066666666666666
27535,0.66,0.23,0.11
27536,0.175,0.06,0.765
27537,0.115,0.18,0.705
27538,0.1,0.44,0.46
27539,0.33333333333333326,0.5166666666666667,0.15
27540,0.01,0.04333333333333334,0.9466666666666668
27541,0.54,0.33,0.13
27542,0.0375,0.67,0.2925
27543,0.3659761904761904,0.0,0.6340238095238097
27544,0.03,0.0,0.97
27545,0.06,0.09,0.85
27546,0.22399999999999998,0.196,0.58
27547,0.20666666666666664,0.6883333333333332,0.105
27548,0.1,0.3865,0.5135000000000001
27549,0.06,0.20916666666666664,0.7308333333333334
27550,0.04,0.01,0.95
27551,0.02,0.28,0.7
27552,0.0,0.005,0.995
27553,0.04,0.17416666666666664,0.7858333333333333
27554,0.05166666666666666,0.89,0.05833333333333333
27555,0.07,0.035,0.895
27556,0.0,0.37,0.63
27557,0.06,0.01,0.93
27558,0.04,0.09,0.87
27559,0.10833333333333332,0.17,0.7216666666666667
27560,0.04,0.1,0.86
27561,0.04,0.04,0.92
27562,0.1,0.374,0.526
27563,0.01,0.3334047619047618,0.6565952380952379
27564,0.02,0.03,0.95
27565,0.01,0.06,0.93
27566,0.02,0.04,0.94
27567,0.4558333333333333,0.0425,0.5016666666666667
27568,0.23,0.63,0.14
27569,0.09,0.255,0.655
27570,0.08,0.07,0.85
27571,0.71,0.28,0.01
27572,0.30416666666666664,0.11,0.5858333333333333
27573,0.865,0.04,0.095
27574,0.0275,0.19,0.7825
27575,0.01,0.09,0.9
27576,0.0,0.85,0.15
27577,0.08,0.34,0.58
27578,0.08,0.07,0.85
27579,0.08,0.25,0.67
27580,0.0,0.22,0.78
27581,0.52,0.055,0.425
27582,0.08833333333333332,0.165,0.7466666666666666
27583,0.61,0.03,0.36
27584,0.035,0.155,0.81
27585,0.04,0.01,0.95
27586,0.07,0.0,0.93
27587,0.02,0.73,0.25
27588,0.0,1.0,0.0
27589,0.08,0.15,0.77
27590,0.08,0.11,0.81
27591,0.105,0.06,0.835
27592,0.03,0.02,0.95
27593,0.07,0.12,0.81
27594,0.02,0.73,0.25
27595,0.14,0.27,0.59
27596,0.02,0.06,0.92
27597,0.03,0.11,0.86
27598,0.11,0.07,0.82
27599,0.11,0.35849999999999993,0.5314999999999999
27600,0.57,0.06,0.37
27601,0.65,0.03,0.32
27602,0.13904761904761903,0.3142857142857143,0.5466666666666667
27603,0.63,0.265,0.105
27604,0.1,0.016666666666666666,0.8833333333333333
27605,0.3423333333333333,0.2576666666666666,0.4
27606,0.08,0.0,0.92
27607,0.52,0.015,0.465
27608,0.04,0.013999999999999999,0.946
27609,0.05,0.165,0.785
27610,0.0,0.66,0.34
27611,0.2075,0.7125,0.08
27612,0.0,0.65,0.35
27613,0.14,0.12,0.74
27614,0.9,0.03,0.07
27615,0.03,0.06,0.91
27616,0.88,0.12,0.0
27617,0.06,0.84,0.1
27618,0.02,0.05,0.93
27619,0.01,0.06,0.93
27620,0.16,0.5875,0.2525
27621,0.03,0.6925,0.2775
27622,0.09666666666666666,0.8633333333333334,0.04
27623,0.125,0.17166666666666663,0.7033333333333333
27624,0.08666666666666666,0.16,0.7533333333333333
27625,0.03,0.17,0.8
27626,0.5366666666666666,0.04,0.42333333333333334
27627,0.005833333333333333,0.48,0.5141666666666667
27628,0.12,0.88,0.0
27629,0.0,0.03,0.97
27630,0.04,0.05,0.91
27631,0.69,0.0,0.31
27632,0.045,0.01,0.945
27633,0.03,0.66,0.31
27634,0.6815000000000001,0.03,0.28850000000000003
27635,0.1,0.1175,0.7825
27636,0.11199999999999999,0.213,0.675
27637,0.03333333333333333,0.056666666666666664,0.91
27638,0.17,0.105,0.725
27639,0.79,0.03,0.18
27640,0.02,0.15,0.83
27641,0.06,0.68,0.26
27642,0.04,0.03,0.93
27643,0.1,0.435,0.465
27644,0.03,0.175,0.795
27645,0.06,0.85,0.09
27646,0.06,0.415,0.525
27647,0.4286666666666667,0.036000000000000004,0.5353333333333333
27648,0.02,0.09,0.89
27649,0.02,0.04,0.94
27650,0.04333333333333333,0.73,0.22666666666666666
27651,0.1375,0.04,0.8225
27652,0.7098333333333333,0.026666666666666665,0.26349999999999996
27653,0.02,0.04,0.94
27654,0.04,0.01,0.95
27655,0.03,0.04,0.93
27656,0.0,0.4681666666666666,0.5318333333333333
27657,0.17,0.45,0.38
27658,0.06,0.32,0.62
27659,0.0,0.023666666666666666,0.9763333333333333
27660,0.3,0.22,0.48
27661,0.0,0.02,0.98
27662,0.0,0.26,0.74
27663,0.03,0.21,0.76
27664,0.17,0.2,0.63
27665,0.62,0.0675,0.3125
27666,0.0,0.6266666666666666,0.3733333333333333
27667,0.02,0.05,0.93
27668,0.1725,0.13,0.6975
27669,0.08666666666666668,0.255,0.6583333333333334
27670,0.09,0.34650000000000003,0.5634999999999999
27671,0.49,0.07,0.44
27672,0.39833333333333326,0.07,0.5316666666666666
27673,0.03,0.04,0.93
27674,0.01,0.02,0.97
27675,0.08,0.48333333333333334,0.43666666666666665
27676,0.0,1.0,0.0
27677,0.016666666666666666,0.03333333333333333,0.95
27678,0.03,0.03,0.94
27679,0.06,0.74,0.2
27680,0.215,0.725,0.06
27681,0.06,0.49,0.45
27682,0.24,0.08,0.68
27683,0.01,0.96,0.03
27684,0.76,0.01,0.23
27685,0.11,0.12,0.77
27686,0.03,0.1,0.87
27687,0.0675,0.55,0.3825
27688,0.06,0.2865,0.6535
27689,0.03,0.64,0.33
27690,0.09,0.12,0.79
27691,0.035,0.015,0.95
27692,0.06,0.2,0.74
27693,0.06,0.05,0.89
27694,0.0,0.09,0.91
27695,0.08333333333333331,0.21,0.7066666666666666
27696,0.04,0.42,0.54
27697,0.11,0.1,0.79
27698,0.2,0.25,0.55
27699,0.01,0.74,0.25
27700,0.5,0.49,0.01
27701,0.01,0.75,0.24
27702,0.01,0.1,0.89
27703,0.45333333333333337,0.10333333333333332,0.44333333333333336
27704,0.0,0.2,0.8
27705,0.04,0.03783333333333334,0.9221666666666667
27706,0.03,0.0,0.97
27707,0.1,0.12,0.78
27708,0.01,0.04,0.95
27709,0.8,0.07,0.13
27710,0.07166666666666667,0.12,0.8083333333333335
27711,0.07,0.08,0.85
27712,0.023333333333333334,0.08,0.8966666666666666
27713,0.06,0.02,0.92
27714,0.03,0.311,0.659
27715,0.662,0.078,0.26
27716,0.03,0.14,0.83
27717,0.0,0.01,0.99
27718,0.08,0.02,0.9
27719,0.09,0.04,0.87
27720,0.96,0.0,0.04
27721,0.06,0.59,0.35
27722,0.026666666666666665,0.11,0.8633333333333333
27723,0.01,0.02,0.97
27724,0.06,0.4083333333333334,0.5316666666666667
27725,0.01,0.07,0.92
27726,0.27416666666666667,0.01,0.7158333333333333
27727,0.059000000000000004,0.21666666666666667,0.7243333333333333
27728,0.01,0.0,0.99
27729,0.34950000000000003,0.01,0.6405000000000001
27730,0.05,0.07,0.88
27731,0.05,0.08,0.87
27732,0.03,0.05,0.92
27733,0.12,0.075,0.805
27734,0.045,0.03,0.925
27735,0.02,0.2,0.78
27736,0.168,0.8320000000000001,0.0
27737,0.09,0.04,0.87
27738,0.0,0.02,0.98
27739,0.03,0.04,0.93
27740,0.02,0.31,0.67
27741,0.03666666666666667,0.09,0.8733333333333333
27742,0.01,0.99,0.0
27743,0.06,0.125,0.815
27744,0.05,0.39,0.56
27745,0.01,0.5,0.49
27746,0.44,0.14,0.42
27747,0.04,0.02,0.94
27748,0.01,0.02,0.97
27749,0.11,0.15,0.7399999999999999
27750,0.0,0.0,1.0
27751,0.04,0.0,0.96
27752,0.03,0.05,0.92
27753,0.0,0.98,0.02
27754,0.15,0.39833333333333326,0.45166666666666666
27755,0.13,0.29333333333333333,0.5766666666666667
27756,0.075,0.105,0.82
27757,0.16,0.83,0.01
27758,0.05,0.95,0.0
27759,0.7,0.25,0.05
27760,0.03,0.01,0.96
27761,0.0,0.73,0.27
27762,0.1075,0.4056666666666666,0.4868333333333333
27763,0.354,0.14,0.506
27764,0.04,0.03,0.93
27765,0.0,0.02,0.98
27766,0.07,0.465,0.465
27767,0.025,0.67,0.305
27768,0.0,0.14,0.86
27769,0.08,0.335,0.585
27770,0.01,0.54,0.45
27771,0.5216666666666667,0.09333333333333334,0.385
27772,0.065,0.47,0.465
27773,0.055,0.745,0.2
27774,0.10433333333333333,0.1765,0.7191666666666666
27775,0.15000000000000002,0.76,0.09
27776,0.0,0.11,0.89
27777,0.03,0.76,0.21
27778,0.19166666666666665,0.7883333333333334,0.02
27779,0.2,0.2003333333333333,0.5996666666666666
27780,0.59,0.29,0.12
27781,0.12,0.08,0.8
27782,0.6591666666666667,0.04083333333333333,0.3
27783,0.01,0.6,0.39
27784,0.1,0.16,0.74
27785,0.04,0.18,0.78
27786,0.85,0.02,0.13
27787,0.03,0.02,0.95
27788,0.1,0.9,0.0
27789,0.01,0.1,0.89
27790,0.08,0.0,0.92
27791,0.03,0.07666666666666667,0.8933333333333334
27792,0.5717857142857143,0.1,0.3282142857142857
27793,0.0,0.03,0.97
27794,0.0,0.003333333333333333,0.9966666666666667
27795,0.105,0.3275,0.5675
27796,0.03,0.02,0.95
27797,0.89,0.01,0.1
27798,0.03,0.04,0.93
27799,0.3125,0.6775,0.01
27800,0.009166666666666667,0.0,0.9908333333333332
27801,0.09,0.14333333333333334,0.7666666666666666
27802,0.04,0.075,0.885
27803,0.3253333333333333,0.04,0.6346666666666667
27804,0.04,0.16666666666666663,0.7933333333333333
27805,0.30833333333333335,0.6816666666666665,0.01
27806,0.04333333333333334,0.11,0.8466666666666667
27807,0.06,0.62,0.32
27808,0.07,0.1985,0.7315
27809,0.01,0.17,0.82
27810,0.06,0.01,0.93
27811,0.03,0.04,0.93
27812,0.19333333333333333,0.7766666666666667,0.03
27813,0.09,0.24,0.67
27814,0.0,0.98,0.02
27815,0.0,0.98,0.02
27816,0.56,0.09,0.35
27817,0.4075,0.5225,0.07
27818,0.21483333333333338,0.02,0.7651666666666667
27819,0.11833333333333335,0.10166666666666668,0.78
27820,0.06666666666666667,0.17666666666666667,0.7566666666666667
27821,0.01,0.01,0.98
27822,0.05,0.08516666666666665,0.8648333333333333
27823,0.02,0.05,0.93
27824,0.6579999999999999,0.04,0.302
27825,0.01,0.06,0.93
27826,0.21933333333333338,0.7206666666666665,0.06
27827,0.12,0.85,0.03
27828,0.02,0.08,0.9
27829,0.54,0.06,0.4
27830,0.42,0.11,0.47
27831,0.03,0.88,0.09
27832,0.797,0.02,0.183
27833,0.02,0.06166666666666666,0.9183333333333333
27834,0.09,0.10266666666666666,0.8073333333333333
27835,0.02,0.04,0.94
27836,0.07,0.06,0.87
