index,0,1,2
26457,0.07,0.17,0.76
26458,0.57,0.2,0.23
26459,0.025,0.11,0.865
26460,0.0275,0.04,0.9325
26461,0.084,0.175,0.741
26462,0.015,0.05,0.935
26463,0.39799999999999996,0.5820000000000001,0.02
26464,0.01,0.02,0.97
26465,0.03,0.125,0.845
26466,0.01,0.23,0.76
26467,0.01,0.06,0.93
26468,0.01,0.02,0.97
26469,0.82,0.06,0.12
26470,0.18333333333333332,0.31666666666666665,0.5
26471,0.01,0.064,0.9259999999999999
26472,0.11,0.16,0.73
26473,0.01,0.03,0.96
26474,0.16,0.82,0.02
26475,0.5213333333333334,0.28,0.1986666666666667
26476,0.02,0.06333333333333332,0.9166666666666665
26477,0.18183333333333335,0.14400000000000002,0.6741666666666666
26478,0.06,0.05,0.89
26479,0.025,0.02,0.955
26480,0.038,0.05,0.912
26481,0.0325,0.6233333333333333,0.3441666666666666
26482,0.1,0.0,0.9
26483,0.0,0.1,0.9
26484,0.1325,0.13,0.7375
26485,0.0,0.01,0.99
26486,0.04,0.3675,0.5925
26487,0.04,0.10444444444444445,0.8555555555555556
26488,0.0825,0.8775,0.04
26489,0.0,0.27,0.73
26490,0.085,0.16,0.755
26491,0.0,0.01,0.99
26492,0.04,0.28,0.68
26493,0.84,0.16,0.0
26494,0.06,0.17,0.77
26495,0.02,0.07,0.91
26496,0.2033333333333333,0.03166666666666666,0.765
26497,0.03,0.92,0.05
26498,0.2833333333333333,0.58,0.13666666666666666
26499,0.0,0.07,0.93
26500,0.04,0.25,0.71
26501,0.05,0.4375,0.5125
26502,0.0,0.0,1.0
26503,0.25,0.48,0.27
26504,0.065,0.205,0.73
26505,0.05,0.07,0.88
26506,0.06,0.91,0.03
26507,0.11,0.89,0.0
26508,0.13,0.462,0.408
26509,0.07,0.04,0.89
26510,0.0,0.1,0.9
26511,0.03,0.03,0.94
26512,0.17,0.2366666666666667,0.5933333333333333
26513,0.01,0.03666666666666667,0.9533333333333335
26514,0.02,0.013333333333333332,0.9666666666666667
26515,0.1125,0.0,0.8875
26516,0.006666666666666666,0.30333333333333334,0.69
26517,0.266,0.7240000000000001,0.01
26518,0.11,0.12,0.77
26519,0.74,0.03,0.23
26520,0.0,0.9633333333333333,0.03666666666666667
26521,0.01,0.07,0.92
26522,0.13,0.19,0.68
26523,0.11333333333333333,0.12666666666666665,0.76
26524,0.04,0.26,0.7
26525,0.24666666666666665,0.1433333333333333,0.61
26526,0.01,0.04,0.95
26527,0.08,0.75,0.17
26528,0.09833333333333334,0.9016666666666667,0.0
26529,0.55,0.0705,0.3795
26530,0.11666666666666668,0.2,0.6833333333333332
26531,0.0,0.015714285714285715,0.9842857142857143
26532,0.8133333333333332,0.01,0.17666666666666664
26533,0.07833333333333332,0.08,0.8416666666666667
26534,0.07,0.07,0.86
26535,0.013333333333333332,0.03,0.9566666666666667
26536,0.115,0.19,0.695
26537,0.055,0.04,0.905
26538,0.04,0.47,0.49
26539,0.01,0.08700000000000001,0.903
26540,0.18,0.2225,0.5975
26541,0.01,0.04,0.95
26542,0.06,0.08666666666666666,0.8533333333333334
26543,0.025,0.045,0.93
26544,0.15,0.08,0.77
26545,0.02,0.24,0.74
26546,0.01,0.09,0.9
26547,0.02,0.0,0.98
26548,0.04,0.006666666666666666,0.9533333333333333
26549,0.43066666666666664,0.5693333333333334,0.0
26550,0.015,0.40583333333333327,0.5791666666666666
26551,0.0,0.68,0.32
26552,0.02,0.09,0.89
26553,0.02,0.04,0.94
26554,0.17,0.5466666666666666,0.2833333333333334
26555,0.04,0.04,0.92
26556,0.0,0.03,0.97
26557,0.06,0.04,0.9
26558,0.78,0.06,0.16
26559,0.2,0.035,0.765
26560,0.115,0.12666666666666665,0.7583333333333333
26561,0.0,0.09,0.91
26562,0.05,0.07,0.88
26563,0.12,0.11,0.77
26564,0.01,0.06,0.93
26565,0.04,0.78,0.18
26566,0.14,0.15,0.71
26567,0.06,0.01,0.93
26568,0.22,0.76,0.02
26569,0.006666666666666666,0.1,0.8933333333333333
26570,0.2,0.43833333333333335,0.3616666666666668
26571,0.035,0.03,0.935
26572,0.18,0.34666666666666673,0.4733333333333334
26573,0.17333333333333337,0.13666666666666666,0.69
26574,0.26666666666666666,0.04666666666666667,0.6866666666666665
26575,0.11666666666666665,0.10333333333333332,0.78
26576,0.024,0.052000000000000005,0.924
26577,0.1225,0.1425,0.735
26578,0.18,0.37,0.45
26579,0.21,0.77,0.02
26580,0.005,0.085,0.91
26581,0.10166666666666666,0.205,0.6933333333333332
26582,0.0,0.01,0.99
26583,0.05,0.04,0.91
26584,0.01,0.225,0.765
26585,0.02,0.87,0.11
26586,0.22,0.64,0.14
26587,0.091,0.5925,0.3165
26588,0.01,0.01,0.98
26589,0.039,0.04,0.9209999999999999
26590,0.01,0.7741666666666667,0.21583333333333332
26591,0.19,0.79,0.02
26592,0.32,0.03,0.65
26593,0.25,0.62,0.13
26594,0.05,0.08,0.87
26595,0.01,0.02,0.97
26596,0.027999999999999997,0.07,0.902
26597,0.12,0.61,0.27
26598,0.01,0.09,0.9
26599,0.036000000000000004,0.05416666666666667,0.9098333333333335
26600,0.0,0.03,0.97
26601,0.01,0.28,0.71
26602,0.06,0.12,0.82
26603,0.04833333333333333,0.14833333333333332,0.8033333333333332
26604,0.0,0.05,0.95
26605,0.03,0.06,0.91
26606,0.125,0.42,0.455
26607,0.1,0.9,0.0
26608,0.04,0.08,0.88
26609,0.01,0.05,0.94
26610,0.27,0.69,0.04
26611,0.01,0.2,0.79
26612,0.015,0.605,0.38
26613,0.08,0.29,0.63
26614,0.0,0.03,0.97
26615,0.08,0.24833333333333332,0.6716666666666665
26616,0.03,0.0,0.97
26617,0.165,0.094,0.741
26618,0.03,0.04,0.93
26619,0.12,0.28,0.6
26620,0.06,0.93,0.01
26621,0.0,0.01,0.99
26622,0.03666666666666667,0.39,0.5733333333333333
26623,0.0025,0.8591666666666665,0.1383333333333333
26624,0.03,0.196,0.774
26625,0.89,0.05,0.06
26626,0.185,0.055,0.76
26627,0.02,0.07,0.91
26628,0.02,0.07,0.91
26629,0.0,0.03,0.97
26630,0.09,0.05,0.86
26631,0.01,0.03,0.96
26632,0.33,0.1825,0.4875
26633,0.07150000000000001,0.091,0.8375
26634,0.11,0.03,0.86
26635,0.03,0.22,0.75
26636,0.02,0.3891666666666667,0.5908333333333333
26637,0.0,0.03333333333333333,0.9666666666666666
26638,0.01,0.92,0.07
26639,0.54,0.38,0.08
26640,0.03,0.09,0.88
26641,0.05,0.89,0.06
26642,0.03,0.03,0.94
26643,0.19,0.15,0.66
26644,0.1,0.06,0.84
26645,0.02428571428571429,0.03333333333333333,0.9423809523809523
26646,0.57,0.06,0.37
26647,0.05,0.08,0.87
26648,0.07,0.72,0.21
26649,0.04,0.08,0.88
26650,0.92,0.08,0.0
26651,0.235,0.725,0.04
26652,0.6,0.0,0.4
26653,0.01,0.006,0.9840000000000001
26654,0.07,0.79,0.14
26655,0.08,0.355,0.565
26656,0.0225,0.09,0.8875
26657,0.11,0.33,0.56
26658,0.06,0.27,0.67
26659,0.30333333333333334,0.17166666666666663,0.525
26660,0.14,0.59,0.27
26661,0.030666666666666665,0.07,0.8993333333333332
26662,0.01,0.17,0.82
26663,0.1,0.475,0.425
26664,0.045,0.10099999999999999,0.8540000000000001
26665,0.18416666666666667,0.51,0.30583333333333335
26666,0.01,0.87,0.12
26667,0.105,0.035,0.86
26668,0.03,0.74,0.23
26669,0.01,0.5040357142857143,0.4859642857142857
26670,0.44,0.2,0.36
26671,0.08,0.23600000000000002,0.684
26672,0.03666666666666667,0.05333333333333334,0.91
26673,0.14,0.18,0.68
26674,0.64,0.026666666666666665,0.33333333333333326
26675,0.06,0.09,0.85
26676,0.03,0.04,0.93
26677,0.005,0.02,0.975
26678,0.06,0.53,0.41
26679,0.44666666666666666,0.06,0.49333333333333335
26680,0.01,0.03,0.96
26681,0.04,0.08,0.88
26682,0.02,0.15,0.83
26683,0.0,0.39,0.61
26684,0.03,0.16,0.81
26685,0.29083333333333333,0.09,0.6191666666666668
26686,0.02,0.05,0.93
26687,0.285,0.02,0.695
26688,0.08,0.8642857142857143,0.05571428571428571
26689,0.04,0.21166666666666664,0.7483333333333334
26690,0.01,0.03,0.96
26691,0.02,0.11,0.87
26692,0.01,0.06,0.93
26693,0.34,0.0,0.66
26694,0.6709126984126983,0.3290873015873015,0.0
26695,0.05833333333333334,0.045,0.8966666666666667
26696,0.003333333333333333,0.0,0.9966666666666667
26697,0.0,0.04,0.96
26698,0.0,0.02,0.98
26699,0.11,0.37,0.52
26700,0.06,0.67,0.27
26701,0.14,0.2841666666666667,0.5758333333333333
26702,0.165,0.31,0.525
26703,0.06,0.1225,0.8175
26704,0.0,0.04333333333333334,0.9566666666666666
26705,0.006666666666666666,0.01,0.9833333333333334
26706,0.03,0.07,0.9
26707,0.68,0.01,0.31
26708,0.003333333333333333,0.09,0.9066666666666666
26709,0.02,0.04,0.94
26710,0.39,0.33,0.28
26711,0.28,0.04,0.68
26712,0.04,0.08,0.88
26713,0.13,0.46,0.41
26714,0.0825,0.11,0.8075
26715,0.01,0.64,0.35
26716,0.0,0.98,0.02
26717,0.025,0.09166666666666666,0.8833333333333333
26718,0.06,0.18666666666666668,0.7533333333333333
26719,0.11,0.225,0.665
26720,0.27,0.13,0.6
26721,0.0,0.5043333333333334,0.4956666666666667
26722,0.49,0.05,0.46
26723,0.07166666666666667,0.115,0.8133333333333332
26724,0.04,0.76,0.2
26725,0.02,0.11,0.87
26726,0.06233333333333333,0.84,0.09766666666666665
26727,0.02,0.04,0.94
26728,0.06,0.36583333333333334,0.5741666666666667
26729,0.52,0.13333333333333333,0.3466666666666666
26730,0.013333333333333332,0.3266666666666667,0.66
26731,0.02,0.015,0.965
26732,0.19,0.79,0.02
26733,0.04,0.06,0.9
26734,0.05,0.18,0.77
26735,0.055,0.08333333333333331,0.8616666666666667
26736,0.05,0.52,0.43
26737,0.15916666666666668,0.06,0.7808333333333334
26738,0.02,0.02,0.96
26739,0.72,0.03,0.25
26740,0.03,0.04,0.93
26741,0.2,0.78,0.02
26742,0.05,0.07,0.88
26743,0.17,0.08,0.75
26744,0.16516666666666666,0.1025,0.7323333333333334
26745,0.0,0.01,0.99
26746,0.54,0.0875,0.3725
26747,0.01,0.73,0.26
26748,0.24,0.71,0.05
26749,0.02083333333333333,0.2125,0.7666666666666666
26750,0.06,0.03,0.91
26751,0.03,0.1,0.87
26752,0.0,0.84,0.16
26753,0.09266666666666666,0.08649999999999998,0.8208333333333332
26754,0.01,0.01,0.98
26755,0.02,0.0325,0.9475
26756,0.26,0.04,0.7
26757,0.05,0.13,0.82
26758,0.51,0.10499999999999998,0.38500000000000006
26759,0.06,0.285,0.655
26760,0.51,0.21666666666666665,0.2733333333333334
26761,0.04,0.0825,0.8775
26762,0.02,0.03,0.95
26763,0.023333333333333334,0.13666666666666666,0.84
26764,0.04,0.19,0.77
26765,0.03666666666666667,0.07,0.8933333333333334
26766,0.0,0.33,0.67
26767,0.08,0.15833333333333333,0.7616666666666666
26768,0.02,0.97,0.01
26769,0.3025,0.22666666666666668,0.4708333333333334
26770,0.13,0.12,0.75
26771,0.15,0.83,0.02
26772,0.79,0.08,0.13
26773,0.165,0.265,0.57
26774,0.12,0.145,0.735
26775,0.0,0.25,0.75
26776,0.03,0.025,0.945
26777,0.105,0.085,0.81
26778,0.03,0.04,0.93
26779,0.08,0.07,0.85
26780,0.07,0.125,0.805
26781,0.0,0.22,0.78
26782,0.02,0.02,0.96
26783,0.23,0.02,0.75
26784,0.03,0.74,0.23
26785,0.02,0.17,0.81
26786,0.79,0.03,0.18
26787,0.0,0.0,1.0
26788,0.02,0.59,0.39
26789,0.095,0.555,0.35
26790,0.02,0.5766666666666667,0.4033333333333334
26791,0.02,0.07,0.91
26792,0.15466666666666667,0.07,0.7753333333333333
26793,0.0,0.07416666666666666,0.9258333333333333
26794,0.0,0.02,0.98
26795,0.03,0.4278333333333333,0.5421666666666667
26796,0.14,0.85,0.01
26797,0.06,0.39649999999999996,0.5435
26798,0.5033333333333334,0.20333333333333337,0.29333333333333333
26799,0.05,0.05,0.9
26800,0.04,0.93,0.03
26801,0.005,0.86,0.135
26802,0.07166666666666667,0.04,0.8883333333333333
26803,0.01,0.2,0.79
26804,0.0,0.06,0.94
26805,0.03,0.03,0.94
26806,0.036000000000000004,0.414,0.55
26807,0.01,0.02,0.97
26808,0.0175,0.22,0.7625
26809,0.05,0.11,0.84
26810,0.0,0.08,0.92
26811,0.02,0.05,0.93
26812,0.02,0.03,0.95
26813,0.16,0.37,0.47
26814,0.22,0.08,0.7
26815,0.14,0.18166666666666664,0.6783333333333335
26816,0.04,0.71,0.25
26817,0.04,0.02,0.94
26818,0.05083333333333333,0.1,0.8491666666666666
26819,0.0,0.07,0.93
26820,0.21333333333333332,0.7766666666666666,0.01
26821,0.12666666666666665,0.8633333333333334,0.01
26822,0.04,0.3316666666666667,0.6283333333333334
26823,0.02,0.07,0.91
26824,0.02,0.07666666666666666,0.9033333333333334
26825,0.085,0.0975,0.8175
26826,0.02,0.0,0.98
26827,0.03,0.11,0.86
26828,0.14,0.13,0.73
26829,0.03,0.03,0.94
26830,0.02,0.04,0.94
26831,0.03,0.025,0.945
26832,0.01,0.02,0.97
26833,0.0,0.01,0.99
26834,0.02,0.21,0.77
26835,0.93,0.02,0.05
26836,0.18899999999999997,0.5710000000000001,0.24
26837,0.02,0.07,0.91
26838,0.0,0.775,0.22500000000000003
26839,0.84,0.05,0.11
26840,0.255,0.12,0.625
26841,0.02,0.0,0.98
26842,0.0,0.01,0.99
26843,0.12666666666666665,0.09,0.7833333333333334
26844,0.0,0.84,0.16
26845,0.32,0.0,0.68
26846,0.02428571428571429,0.03333333333333333,0.9423809523809523
26847,0.13,0.245,0.625
26848,0.09333333333333332,0.08,0.8266666666666665
26849,0.13,0.08,0.79
26850,0.1,0.33,0.57
26851,0.12,0.13,0.75
26852,0.03,0.83,0.14
26853,0.04,0.045,0.915
26854,0.08,0.91,0.01
26855,0.03,0.19,0.78
26856,0.21333333333333332,0.05,0.7366666666666666
26857,0.08833333333333332,0.3466666666666666,0.565
26858,0.01,0.92,0.07
26859,0.0,0.7,0.3
26860,0.03,0.86,0.11
26861,0.04666666666666667,0.5,0.45333333333333337
26862,0.1,0.17,0.73
26863,0.01,0.04,0.95
26864,0.0,0.63,0.37
26865,0.04,0.12547619047619046,0.8345238095238097
26866,0.0,0.01,0.99
26867,0.09166666666666667,0.05,0.8583333333333333
26868,0.03,0.05,0.92
26869,0.005,0.01,0.985
26870,0.005,0.89,0.105
26871,0.31,0.09666666666666666,0.5933333333333334
26872,0.01,0.1,0.89
26873,0.0,0.0745,0.9255000000000001
26874,0.08,0.63,0.29
26875,0.0,0.44088095238095226,0.5591190476190477
26876,0.0,0.08,0.92
26877,0.005,0.02,0.975
26878,0.23,0.2016666666666667,0.5683333333333334
26879,0.02,0.06,0.92
26880,0.73,0.04,0.23
26881,0.03,0.08,0.89
26882,0.22,0.0,0.78
26883,0.01,0.1125,0.8775
26884,0.02,0.8183333333333335,0.16166666666666665
26885,0.61,0.01,0.38
26886,0.01,0.0,0.99
26887,0.04,0.06,0.9
26888,0.31633333333333336,0.159,0.5246666666666667
26889,0.02,0.12,0.86
26890,0.1,0.23,0.67
26891,0.15,0.66,0.19
26892,0.09,0.22,0.69
26893,0.03,0.12,0.85
26894,0.0,0.04,0.96
26895,0.03,0.53,0.44
26896,0.06,0.19333333333333336,0.7466666666666666
26897,0.04,0.19,0.77
26898,0.04,0.09,0.87
26899,0.14400000000000002,0.23,0.626
26900,0.02,0.16,0.82
26901,0.01,0.03,0.96
26902,0.02,0.03,0.95
26903,0.07,0.1,0.83
26904,0.205,0.745,0.05
26905,0.0725,0.1,0.8275
26906,0.01,0.04,0.95
26907,0.03,0.07,0.9
26908,0.0,0.02,0.98
26909,0.01,0.805,0.185
26910,0.08,0.34,0.58
26911,0.11,0.07,0.82
26912,0.03,0.06,0.91
26913,0.14,0.0,0.86
26914,0.005,0.11800000000000002,0.8769999999999999
26915,0.1225,0.19416666666666665,0.6833333333333332
26916,0.13333333333333333,0.8366666666666667,0.03
26917,0.0,0.06,0.94
26918,0.09,0.07,0.84
26919,0.87,0.11,0.02
26920,0.01,0.09,0.9
26921,0.0,0.8378095238095237,0.16219047619047622
26922,0.08,0.475,0.445
26923,0.01,0.013333333333333332,0.9766666666666667
26924,0.09,0.04,0.87
26925,0.02,0.11,0.87
26926,0.08,0.25,0.67
26927,0.14,0.165,0.695
26928,0.04,0.96,0.0
26929,0.055,0.275,0.67
26930,0.01,0.78,0.21
26931,0.2425,0.7275,0.03
26932,0.0,0.68,0.32
26933,0.66,0.1,0.24
26934,0.07,0.13,0.8
26935,0.03,0.0,0.97
26936,0.0075,0.04,0.9525
26937,0.065,0.3,0.635
26938,0.365,0.565,0.07
26939,0.21666666666666665,0.7633333333333334,0.02
26940,0.13,0.2881666666666667,0.5818333333333334
26941,0.0,0.066,0.934
26942,0.085,0.12,0.795
26943,0.02,0.62,0.36
26944,0.04333333333333334,0.11,0.8466666666666667
26945,0.025,0.83,0.145
26946,0.02,0.02,0.96
26947,0.02,0.24,0.74
26948,0.08,0.12666666666666665,0.7933333333333333
26949,0.2,0.0,0.8
26950,0.03,0.02,0.95
26951,0.79,0.15,0.06
26952,0.212,0.13983333333333334,0.6481666666666667
26953,0.0,0.0,1.0
26954,0.026666666666666665,0.10333333333333332,0.87
26955,0.07,0.77,0.16
26956,0.013333333333333332,0.52,0.4666666666666666
26957,0.91,0.02,0.07
26958,0.61,0.08,0.31
26959,0.06,0.14,0.8
26960,0.05,0.06033333333333333,0.8896666666666667
26961,0.01,0.06,0.93
26962,0.004285714285714285,0.83,0.1657142857142857
26963,0.34,0.0,0.66
26964,0.06,0.21,0.73
26965,0.024,0.49933333333333335,0.4766666666666666
26966,0.06,0.19333333333333336,0.7466666666666666
26967,0.03,0.06,0.91
26968,0.1,0.32,0.58
26969,0.01,0.035,0.955
26970,0.03,0.06,0.91
26971,0.025,0.055,0.92
26972,0.21,0.65,0.14
26973,0.05,0.09,0.86
26974,0.03,0.04,0.93
26975,0.055,0.025,0.92
26976,0.11,0.845,0.045
26977,0.12,0.19,0.69
26978,0.01,0.1775,0.8125
26979,0.15333333333333332,0.345,0.5016666666666666
26980,0.19333333333333336,0.06,0.7466666666666666
26981,0.028333333333333335,0.63,0.34166666666666673
26982,0.08,0.15,0.77
26983,0.09,0.18,0.73
26984,0.0375,0.13333333333333333,0.8291666666666667
26985,0.08,0.4633333333333334,0.45666666666666667
26986,0.0,0.0,1.0
26987,0.01,0.91,0.08
26988,0.01,0.84,0.15
26989,0.136,0.225,0.639
26990,0.01,0.0,0.99
26991,0.02,0.02,0.96
26992,0.11,0.5408333333333333,0.34916666666666674
26993,0.0,0.02,0.98
26994,0.16416666666666666,0.09916666666666667,0.7366666666666667
26995,0.0,0.26,0.74
26996,0.05333333333333333,0.14,0.8066666666666665
26997,0.4243333333333334,0.5156666666666666,0.06
26998,0.17,0.08,0.75
26999,0.5766666666666667,0.09,0.33333333333333326
27000,0.02,0.36,0.62
27001,0.01,0.7316666666666669,0.2583333333333333
27002,0.02,0.23,0.75
27003,0.14,0.214,0.6459999999999999
27004,0.085,0.095,0.82
27005,0.01,0.6583333333333334,0.3316666666666667
27006,0.01,0.02,0.97
27007,0.15166666666666667,0.4733333333333334,0.375
27008,0.15,0.34,0.51
27009,0.0,0.26,0.74
27010,0.0575,0.275,0.6675
27011,0.20428571428571426,0.67,0.12571428571428572
27012,0.05,0.01,0.94
27013,0.14150000000000001,0.21266666666666667,0.6458333333333333
27014,0.0,0.76,0.24
27015,0.08833333333333332,0.45916666666666667,0.45250000000000007
27016,0.0,0.08,0.92
27017,0.03,0.05333333333333333,0.9166666666666667
27018,0.085,0.03,0.885
27019,0.16666666666666663,0.24533333333333332,0.588
27020,0.01,0.6725714285714285,0.3174285714285714
27021,0.0,0.75,0.25
27022,0.03,0.20333333333333337,0.7666666666666667
27023,0.11,0.45878571428571435,0.43121428571428566
27024,0.1,0.05,0.85
27025,0.02,0.01,0.97
27026,0.02,0.06,0.92
27027,0.03,0.0,0.97
27028,0.39,0.19,0.42
27029,0.03,0.11,0.86
27030,0.0,0.22433333333333333,0.7756666666666666
27031,0.6958333333333334,0.1741666666666667,0.13
27032,0.185,0.055,0.76
27033,0.046,0.06333333333333334,0.8906666666666666
27034,0.22,0.15,0.63
27035,0.91,0.03,0.06
27036,0.02,0.01,0.97
27037,0.31,0.11,0.58
27038,0.02,0.07,0.91
27039,0.675,0.1525,0.1725
27040,0.15,0.04,0.81
27041,0.0,0.0,1.0
27042,0.3335,0.6465000000000001,0.02
27043,0.09,0.06,0.85
27044,0.0,0.01,0.99
27045,0.03333333333333333,0.09666666666666666,0.87
27046,0.07,0.08333333333333334,0.8466666666666666
27047,0.13,0.46,0.41
27048,0.52,0.48,0.0
27049,0.06,0.655,0.285
27050,0.05,0.07,0.88
27051,0.0,0.39904761904761904,0.6009523809523809
27052,0.0425,0.05,0.9075
27053,0.05,0.12,0.83
27054,0.01,0.04,0.95
27055,0.23933333333333337,0.7506666666666666,0.01
27056,0.06,0.94,0.0
27057,0.03,0.28,0.69
27058,0.56,0.32,0.12
27059,0.135,0.12,0.745
27060,0.05,0.26,0.69
27061,0.86,0.07,0.07
27062,0.5633333333333334,0.03,0.40666666666666673
27063,0.05,0.07,0.88
27064,0.016666666666666666,0.023333333333333334,0.96
27065,0.12,0.365,0.515
27066,0.02,0.03,0.95
27067,0.23,0.09,0.68
27068,0.73,0.0,0.27
27069,0.01,0.0,0.99
27070,0.01,0.02,0.97
27071,0.04,0.04,0.92
27072,0.0,0.14,0.86
27073,0.0335,0.14,0.8265
27074,0.03,0.61,0.36
27075,0.125,0.12166666666666666,0.7533333333333334
27076,0.16333333333333336,0.08,0.7566666666666666
27077,0.03,0.05,0.92
27078,0.04,0.02,0.94
27079,0.0,0.15133333333333335,0.8486666666666668
27080,0.02,0.89,0.09
27081,0.11,0.02,0.87
27082,0.0,0.06,0.94
27083,0.095,0.12333333333333334,0.7816666666666666
27084,0.0,0.7,0.3
27085,0.04,0.0,0.96
27086,0.37733333333333335,0.1725,0.45016666666666666
27087,0.03,0.15,0.82
27088,0.005,0.02,0.975
27089,0.05,0.07,0.88
27090,0.0,0.016,0.9840000000000001
27091,0.16,0.71,0.13
27092,0.2808333333333333,0.6725,0.04666666666666666
27093,0.05333333333333334,0.621,0.3256666666666666
27094,0.22,0.036000000000000004,0.7440000000000001
27095,0.01,0.01,0.98
27096,0.07,0.83,0.1
27097,0.08666666666666666,0.52,0.39333333333333337
27098,0.079,0.24100000000000002,0.68
27099,0.0,0.0,1.0
27100,0.0,0.045,0.955
27101,0.06,0.32,0.62
27102,0.03,0.16,0.81
27103,0.0,0.09,0.91
27104,0.13,0.08,0.79
27105,0.02,0.0,0.98
27106,0.035,0.03,0.935
27107,0.03833333333333334,0.095,0.8666666666666666
27108,0.02,0.11,0.87
27109,0.2,0.24666666666666665,0.5533333333333332
27110,0.16,0.04,0.8
27111,0.03,0.04,0.93
27112,0.975,0.0,0.025
27113,0.01,0.04,0.95
27114,0.24,0.0825,0.6775
27115,0.24,0.58,0.18
27116,0.03,0.31666666666666665,0.6533333333333334
27117,0.02,0.38,0.6
27118,0.0,0.01,0.99
27119,0.035,0.91,0.055
27120,0.13,0.87,0.0
27121,0.1425,0.8375,0.02
27122,0.04,0.19,0.77
27123,0.05416666666666666,0.08,0.8658333333333332
27124,0.53,0.147,0.32299999999999995
27125,0.02,0.13,0.85
27126,0.04,0.03,0.93
27127,0.4318809523809523,0.05,0.5181190476190477
27128,0.045,0.06733333333333333,0.8876666666666666
27129,0.10383333333333335,0.03,0.8661666666666666
27130,0.03,0.01,0.96
27131,0.7631666666666667,0.02,0.21683333333333332
27132,0.17,0.03,0.8
27133,0.06,0.66,0.28
27134,0.0,0.5083333333333333,0.49166666666666664
27135,0.1,0.88,0.02
27136,0.02,0.69,0.29
27137,0.0,0.04,0.96
27138,0.65,0.06,0.29
27139,0.06333333333333332,0.14,0.7966666666666667
27140,0.54,0.02,0.44
27141,0.06,0.32,0.62
27142,0.711,0.095,0.19399999999999998
27143,0.04,0.07,0.89
27144,0.05,0.0025,0.9475
27145,0.84,0.085,0.075
27146,0.02,0.02,0.96
27147,0.04,0.09,0.87
27148,0.03,0.04,0.93
27149,0.02,0.4,0.58
27150,0.03,0.07,0.9
27151,0.09,0.14,0.77
27152,0.17,0.05416666666666667,0.7758333333333333
27153,0.0,0.03,0.97
27154,0.03,0.64,0.33
27155,0.08,0.075,0.845
27156,0.124,0.13449999999999998,0.7415
27157,0.08,0.135,0.785
27158,0.0,0.0,1.0
27159,0.01,0.07,0.92
27160,0.0,0.01,0.99
27161,0.59,0.02,0.39
27162,0.04833333333333334,0.44449999999999984,0.5071666666666669
27163,0.01,0.04,0.95
27164,0.03,0.065,0.905
27165,0.02,0.02,0.96
27166,0.086,0.07400000000000001,0.84
27167,0.045,0.11,0.845
27168,0.21,0.195,0.595
27169,0.01,0.01,0.98
27170,0.23,0.06,0.71
27171,0.03,0.25866666666666666,0.7113333333333334
27172,0.01,0.0,0.99
27173,0.013333333333333332,0.03666666666666667,0.95
27174,0.01,0.7290476190476189,0.26095238095238094
27175,0.6113809523809521,0.0,0.38861904761904775
27176,0.05,0.09833333333333334,0.8516666666666666
27177,0.095,0.405,0.5
27178,0.0,0.08,0.92
27179,0.03,0.03,0.94
27180,0.03,0.1,0.87
27181,0.29,0.02,0.69
27182,0.01,0.05,0.94
27183,0.0,0.02,0.98
27184,0.06,0.11,0.83
27185,0.0,0.02,0.98
27186,0.03,0.20202380952380952,0.7679761904761904
27187,0.01,0.08,0.91
27188,0.01,0.04416666666666666,0.9458333333333334
27189,0.03,0.05,0.92
27190,0.21000000000000005,0.0,0.79
27191,0.345,0.645,0.01
27192,0.08,0.085,0.835
27193,0.02,0.06,0.92
27194,0.05,0.08333333333333331,0.8666666666666667
27195,0.0,0.02,0.98
27196,0.0,0.045,0.955
27197,0.22,0.11,0.67
27198,0.0,0.0,1.0
27199,0.03,0.06,0.91
27200,0.025,0.74,0.235
27201,0.05,0.1,0.85
27202,0.03,0.08,0.89
27203,0.0275,0.04,0.9325
27204,0.68,0.10333333333333332,0.21666666666666667
27205,0.17,0.03,0.8
27206,0.015,0.07,0.915
27207,0.08,0.08,0.84
27208,0.045,0.09,0.865
27209,0.21,0.06,0.73
27210,0.09,0.04,0.87
27211,0.03,0.57,0.4
27212,0.0,0.0,1.0
27213,0.06,0.04733333333333333,0.8926666666666668
27214,0.10733333333333334,0.23,0.6626666666666666
27215,0.1225,0.225,0.6525
27216,0.0,0.01,0.99
27217,0.84,0.05,0.11
27218,0.085,0.22,0.695
27219,0.22,0.13666666666666666,0.6433333333333334
27220,0.01,0.71,0.28
27221,0.85,0.04,0.11
27222,0.27,0.72,0.01
27223,0.03,0.14,0.83
27224,0.13,0.53,0.34
27225,0.01,0.015,0.975
27226,0.69,0.25166666666666665,0.05833333333333333
27227,0.18,0.82,0.0
27228,0.01,0.7,0.29
27229,0.07,0.19,0.74
27230,0.5714166666666667,0.085,0.34358333333333335
27231,0.03,0.1,0.87
27232,0.0925,0.3275,0.58
27233,0.58,0.25,0.17
27234,0.055,0.02,0.925
27235,0.04,0.11,0.85
27236,0.23,0.16,0.61
27237,0.1025,0.6891666666666666,0.20833333333333331
27238,0.0,0.87,0.13
27239,0.01,0.25933333333333336,0.7306666666666666
27240,0.26666666666666666,0.6733333333333333,0.06
27241,0.34,0.33,0.33
27242,0.0725,0.03,0.8975
27243,0.63,0.03,0.34
27244,0.1,0.065,0.835
27245,0.0,0.0,1.0
27246,0.013999999999999999,0.02,0.966
27247,0.16,0.15833333333333333,0.6816666666666668
27248,0.0,0.8,0.2
27249,0.02,0.03,0.95
27250,0.09,0.19,0.72
27251,0.07,0.15,0.78
27252,0.13,0.305,0.565
27253,0.06,0.74,0.2
27254,0.07,0.3,0.63
27255,0.02,0.14,0.84
27256,0.205,0.285,0.51
27257,0.8,0.03,0.17
27258,0.115,0.16383333333333333,0.7211666666666667
27259,0.07,0.15,0.78
27260,0.21,0.55,0.24
27261,0.1075,0.15,0.7425
27262,0.03,0.8325,0.1375
27263,0.09,0.30833333333333335,0.6016666666666667
27264,0.0,0.235,0.765
27265,0.0,0.01,0.99
27266,0.08,0.06,0.86
27267,0.15,0.64,0.21
27268,0.03666666666666667,0.04,0.9233333333333335
27269,0.17,0.06,0.77
27270,0.045,0.04,0.915
27271,0.0375,0.605,0.3575
27272,0.09,0.08,0.83
27273,0.23399999999999999,0.12,0.6459999999999999
27274,0.095,0.02,0.885
27275,0.0,0.06666666666666667,0.9333333333333332
27276,0.09666666666666668,0.125,0.7783333333333333
27277,0.065,0.1,0.835
27278,0.01,0.08,0.91
27279,0.3533333333333333,0.12666666666666665,0.52
27280,0.0,0.6833333333333335,0.31666666666666665
27281,0.7575,0.025,0.2175
27282,0.0,0.11,0.89
27283,0.14466666666666667,0.8353333333333333,0.02
27284,0.02,0.94,0.04
27285,0.335,0.05,0.615
27286,0.07,0.29,0.64
27287,0.016666666666666666,0.3963333333333334,0.5869999999999999
27288,0.06,0.08733333333333335,0.8526666666666667
27289,0.01,0.03,0.96
27290,0.025,0.4,0.575
27291,0.081,0.04,0.879
27292,0.0,0.27,0.73
27293,0.253,0.13866666666666666,0.6083333333333334
27294,0.04,0.05,0.91
27295,0.0,0.02,0.98
27296,0.04,0.22,0.74
27297,0.35,0.11,0.54
27298,0.01,0.2583333333333333,0.7316666666666667
27299,0.08333333333333331,0.158,0.7586666666666667
27300,0.57,0.06,0.37
27301,0.02166666666666667,0.1175,0.8608333333333335
27302,0.13933333333333334,0.7406666666666666,0.12
27303,0.66,0.0,0.34
27304,0.01,0.465047619047619,0.5249523809523811
27305,0.01,0.02,0.97
27306,0.04666666666666666,0.01,0.9433333333333332
27307,0.0,0.01,0.99
27308,0.09,0.03,0.88
27309,0.01,0.05,0.94
27310,0.07,0.09333333333333332,0.8366666666666666
27311,0.03,0.02,0.95
27312,0.054000000000000006,0.12,0.826
27313,0.02,0.01,0.97
27314,0.05,0.06,0.89
27315,0.0,0.06,0.94
27316,0.0,0.03333333333333333,0.9666666666666666
27317,0.09333333333333332,0.9066666666666666,0.0
27318,0.03,0.85,0.12
27319,0.04666666666666666,0.12666666666666668,0.8266666666666665
27320,0.1975,0.214,0.5885
27321,0.04,0.04,0.92
27322,0.06,0.01,0.93
27323,0.1,0.17,0.73
27324,0.08,0.29,0.63
27325,0.05,0.5,0.45
27326,0.4,0.07,0.53
27327,0.15333333333333335,0.7066666666666666,0.14
27328,0.0,0.16,0.84
27329,0.02,0.01,0.97
27330,0.013333333333333332,0.8566666666666667,0.13
27331,0.32,0.02,0.66
27332,0.13,0.08933333333333333,0.7806666666666666
27333,0.46,0.09,0.45
27334,0.02,0.02,0.96
27335,0.01,0.06,0.93
27336,0.275,0.0,0.725
27337,0.6466666666666666,0.05,0.30333333333333334
27338,0.19,0.74,0.07
27339,0.17,0.19,0.64
27340,0.0225,0.01,0.9675
27341,0.0,0.01,0.99
27342,0.0,0.2803333333333333,0.7196666666666667
27343,0.0,0.0,1.0
27344,0.01,0.09,0.9
27345,0.26,0.085,0.655
27346,0.1383333333333333,0.11166666666666668,0.75
27347,0.16083333333333333,0.07,0.7691666666666666
27348,0.02,0.01,0.97
27349,0.51,0.05,0.44
27350,0.09,0.105,0.805
27351,0.03,0.03,0.94
27352,0.065,0.01,0.925
27353,0.11666666666666668,0.18333333333333332,0.7
27354,0.12,0.445,0.435
27355,0.03,0.02,0.95
27356,0.03,0.05,0.92
27357,0.05,0.15,0.8
27358,0.0,0.01,0.99
27359,0.0,0.4675,0.5325
27360,0.03,0.05666666666666667,0.9133333333333333
27361,0.02,0.97,0.01
27362,0.218,0.58,0.20199999999999999
27363,0.06,0.04,0.9
27364,0.0,0.925,0.075
27365,0.43577777777777776,0.0,0.5642222222222223
27366,0.2,0.2,0.6
27367,0.03,0.07,0.9
27368,0.16416666666666666,0.5958333333333333,0.24
27369,0.16,0.78,0.06
27370,0.26533333333333337,0.7346666666666667,0.0
27371,0.87,0.0,0.13
27372,0.01,0.0,0.99
27373,0.0775,0.6225,0.3
27374,0.11,0.2,0.69
27375,0.04,0.1,0.86
27376,0.39,0.13,0.48
27377,0.07,0.2608333333333333,0.6691666666666666
27378,0.424,0.53,0.046
27379,0.07666666666666667,0.03,0.8933333333333334
27380,0.4925476190476191,0.42245238095238086,0.085
27381,0.0,0.49699999999999994,0.503
27382,0.22,0.3,0.48
27383,0.01,0.01,0.98
27384,0.05,0.6,0.35
27385,0.83,0.02,0.15
27386,0.15,0.15,0.7
27387,0.07,0.33,0.6
27388,0.0,0.06,0.94
27389,0.19,0.165,0.645
27390,0.59,0.2673333333333333,0.14266666666666666
27391,0.12,0.03,0.85
27392,0.011666666666666665,0.0,0.9883333333333333
27393,0.16,0.19,0.65
27394,0.15,0.205,0.645
27395,0.0,0.0,1.0
27396,0.04,0.0325,0.9275
27397,0.01,0.98,0.01
27398,0.4,0.01,0.59
27399,0.01,0.7,0.29
27400,0.01,0.24,0.75
27401,0.135,0.025,0.84
27402,0.0,0.8633333333333334,0.13666666666666666
27403,0.14,0.12,0.74
27404,0.18,0.81,0.01
27405,0.2808333333333333,0.33666666666666667,0.3825
27406,0.12666666666666668,0.20333333333333337,0.67
27407,0.05,0.14,0.81
27408,0.03,0.05,0.92
27409,0.31339285714285714,0.6291071428571429,0.05749999999999999
27410,0.0,0.0,1.0
27411,0.02,0.01,0.97
27412,0.13,0.46,0.41
27413,0.342,0.109,0.5489999999999999
27414,0.02,0.95,0.03
27415,0.92,0.04,0.04
27416,0.07200000000000001,0.1,0.828
27417,0.0975,0.27,0.6325
27418,0.0,0.8058333333333333,0.19416666666666668
27419,0.0,0.96,0.04
27420,0.09333333333333332,0.18166666666666667,0.725
27421,0.02,0.03,0.95
27422,0.01,0.01,0.98
27423,0.049666666666666665,0.26,0.6903333333333334
27424,0.8,0.05333333333333333,0.14666666666666667
27425,0.6383333333333333,0.08,0.2816666666666667
27426,0.06,0.12333333333333334,0.8166666666666665
27427,0.13,0.87,0.0
27428,0.0,0.145,0.8550000000000001
27429,0.11833333333333332,0.12166666666666666,0.76
27430,0.06919047619047619,0.03,0.9008095238095238
27431,0.6907777777777778,0.03783333333333333,0.2713888888888889
27432,0.135,0.29,0.575
27433,0.07333333333333333,0.47,0.45666666666666667
27434,0.12,0.02,0.86
27435,0.0,0.18,0.82
27436,0.09,0.13333333333333333,0.7766666666666666
27437,0.035,0.078,0.887
27438,0.01,0.07,0.92
27439,0.02,0.04,0.94
27440,0.08900000000000001,0.205,0.706
27441,0.2966666666666667,0.03,0.6733333333333335
27442,0.07,0.08,0.85
27443,0.11,0.24,0.65
27444,0.21,0.03,0.76
27445,0.07,0.5033333333333333,0.4266666666666667
27446,0.07666666666666666,0.17416666666666664,0.7491666666666668
27447,0.02,0.2843333333333333,0.6956666666666668
27448,0.05,0.12583333333333335,0.8241666666666666
27449,0.0,0.13,0.87
27450,0.06,0.94,0.0
27451,0.04,0.01,0.95
27452,0.02,0.04,0.94
27453,0.07,0.4,0.53
27454,0.155,0.23,0.615
27455,0.06,0.065,0.875
27456,0.02,0.26,0.72
27457,0.07,0.04,0.89
27458,0.11,0.11,0.78
27459,0.28,0.25,0.47
27460,0.05333333333333334,0.1,0.8466666666666666
27461,0.09666666666666668,0.04,0.8633333333333334
27462,0.05,0.06,0.89
27463,0.65,0.03,0.32
27464,0.16,0.1225,0.7175
27465,0.27,0.095,0.635
27466,0.08666666666666666,0.43,0.48333333333333334
27467,0.01,0.01,0.98
27468,0.01,0.0,0.99
27469,0.06333333333333334,0.05666666666666667,0.88
27470,0.07,0.0,0.93
27471,0.05,0.03,0.92
27472,0.03666666666666667,0.095,0.8683333333333334
27473,0.02,0.03,0.95
27474,0.63,0.21,0.16
27475,0.08,0.5533333333333333,0.3666666666666667
27476,0.04333333333333334,0.75,0.20666666666666664
27477,0.09,0.37116666666666664,0.5388333333333333
27478,0.01,0.06,0.93
27479,0.73,0.055,0.215
27480,0.15,0.41,0.44
27481,0.045,0.465,0.49
27482,0.04,0.06,0.9
27483,0.035,0.3018809523809523,0.6631190476190476
27484,0.085,0.33366666666666667,0.5813333333333334
27485,0.13333333333333333,0.12,0.7466666666666667
27486,0.0,0.82,0.18
27487,0.13,0.07,0.8
27488,0.13,0.24,0.63
27489,0.0,0.0,1.0
27490,0.1,0.12,0.78
27491,0.185,0.785,0.03
27492,0.03,0.1,0.87
27493,0.0175,0.02,0.9625
27494,0.08,0.07,0.85
27495,0.03,0.29295238095238096,0.6770476190476189
27496,0.0,0.785,0.215
27497,0.0,0.47,0.53
27498,0.81,0.04,0.15
27499,0.12,0.22,0.66
27500,0.01,0.04,0.95
27501,0.04,0.13,0.83
27502,0.01,0.96,0.03
27503,0.03,0.05,0.92
27504,0.0,0.82,0.18
27505,0.22,0.01,0.77
27506,0.4113571428571428,0.01,0.5786428571428572
27507,0.19333333333333336,0.08666666666666666,0.72
27508,0.07,0.01,0.92
27509,0.02,0.06,0.92
27510,0.71,0.05,0.24
27511,0.12,0.03,0.85
27512,0.0,0.02,0.98
27513,0.21600000000000003,0.784,0.0
27514,0.065,0.05,0.885
27515,0.05,0.035,0.915
27516,0.03,0.19,0.78
27517,0.27,0.08,0.65
27518,0.04,0.07,0.89
27519,0.04,0.06,0.9
27520,0.06,0.2025,0.7375
27521,0.14666666666666667,0.8233333333333335,0.03
27522,0.18,0.78,0.04
27523,0.12,0.77,0.11
27524,0.03,0.18,0.79
27525,0.13666666666666666,0.19333333333333333,0.67
27526,0.02,0.09,0.89
27527,0.39449999999999996,0.06,0.5455
27528,0.07833333333333332,0.14333333333333334,0.7783333333333333
27529,0.05,0.62,0.33
27530,0.03,0.46,0.51
27531,0.05,0.05833333333333333,0.8916666666666667
27532,0.01,0.03,0.96
27533,0.12166666666666666,0.16666666666666663,0.7116666666666667
27534,0.11266666666666668,0.7115,0.17583333333333337
27535,0.67,0.2,0.13
27536,0.13,0.08,0.79
27537,0.15,0.17333333333333337,0.6766666666666665
27538,0.05,0.4,0.55
27539,0.34,0.44,0.22
27540,0.02,0.03,0.95
27541,0.5333333333333333,0.36,0.10666666666666666
27542,0.05,0.6,0.35
27543,0.3659761904761904,0.0,0.6340238095238097
27544,0.02,0.01,0.97
27545,0.04,0.04,0.92
27546,0.23,0.1625,0.6075
27547,0.24,0.7,0.06
27548,0.11666666666666665,0.30083333333333334,0.5825
27549,0.06,0.266,0.674
27550,0.03,0.0,0.97
27551,0.02,0.3,0.68
27552,0.0,0.01,0.99
27553,0.04,0.18900000000000003,0.7709999999999999
27554,0.04,0.93,0.03
27555,0.03,0.0475,0.9225
27556,0.0,0.37,0.63
27557,0.0,0.02,0.98
27558,0.0,0.0925,0.9075
27559,0.075,0.24,0.685
27560,0.04,0.1,0.86
27561,0.03,0.01,0.96
27562,0.15833333333333333,0.39,0.45166666666666666
27563,0.02,0.33021428571428557,0.6497857142857143
27564,0.08,0.07,0.85
27565,0.02,0.01,0.97
27566,0.02,0.01,0.97
27567,0.4233333333333333,0.04,0.5366666666666667
27568,0.25,0.62,0.13
27569,0.085,0.23333333333333336,0.6816666666666668
27570,0.04,0.07,0.89
27571,0.78,0.19,0.03
27572,0.28,0.12,0.6
27573,0.88,0.03,0.09
27574,0.032857142857142856,0.19464285714285715,0.7725
27575,0.0,0.06,0.94
27576,0.01,0.82,0.17
27577,0.04,0.418,0.542
27578,0.06,0.115,0.825
27579,0.05,0.32,0.63
27580,0.0,0.22,0.78
27581,0.54,0.03,0.43
27582,0.14,0.162,0.698
27583,0.66,0.04,0.3
27584,0.025,0.06,0.915
27585,0.0,0.0,1.0
27586,0.05,0.0,0.95
27587,0.02,0.65,0.33
27588,0.02,0.96,0.02
27589,0.08,0.134,0.7859999999999999
27590,0.08,0.14,0.78
27591,0.05,0.03,0.92
27592,0.0,0.0,1.0
27593,0.09,0.09,0.82
27594,0.01,0.78,0.21
27595,0.07,0.27,0.66
27596,0.03,0.03,0.94
27597,0.0,0.16,0.84
27598,0.05,0.094,0.856
27599,0.1,0.2782142857142857,0.6217857142857143
27600,0.54,0.05,0.41
27601,0.62,0.08,0.3
27602,0.14333333333333334,0.33,0.5266666666666666
27603,0.61,0.24100000000000002,0.149
27604,0.06,0.04,0.9
27605,0.3356666666666667,0.2743333333333333,0.39
27606,0.09,0.0,0.91
27607,0.51,0.03,0.46
27608,0.04,0.0,0.96
27609,0.06,0.18,0.76
27610,0.0,0.66,0.34
27611,0.16,0.78,0.06
27612,0.02,0.67,0.31
27613,0.2326190476190476,0.065,0.7023809523809524
27614,0.915,0.01,0.075
27615,0.03,0.06,0.91
27616,0.88,0.12,0.0
27617,0.035,0.87,0.095
27618,0.06,0.05,0.89
27619,0.03,0.05,0.92
27620,0.24,0.39,0.37
27621,0.02,0.705,0.275
27622,0.11,0.86,0.03
27623,0.11333333333333334,0.18,0.7066666666666667
27624,0.07,0.18,0.75
27625,0.01,0.13,0.86
27626,0.5543333333333333,0.055,0.3906666666666666
27627,0.0,0.51,0.49
27628,0.13,0.86,0.01
27629,0.01,0.03,0.96
27630,0.01,0.16666666666666663,0.8233333333333335
27631,0.71,0.01,0.28
27632,0.02,0.05,0.93
27633,0.06666666666666667,0.63,0.30333333333333334
27634,0.7458333333333332,0.05,0.20416666666666664
27635,0.08,0.1,0.82
27636,0.1,0.23,0.67
27637,0.041333333333333326,0.04,0.9186666666666667
27638,0.05,0.095,0.855
27639,0.7833333333333334,0.04,0.17666666666666664
27640,0.07,0.17149999999999999,0.7585
27641,0.06,0.67,0.27
27642,0.06,0.07,0.87
27643,0.16,0.43,0.41
27644,0.0,0.19916666666666663,0.8008333333333334
27645,0.03,0.87,0.1
27646,0.04,0.41,0.55
27647,0.44783333333333336,0.03,0.5221666666666667
27648,0.0,0.03,0.97
27649,0.03,0.05,0.92
27650,0.07333333333333333,0.7,0.22666666666666666
27651,0.1175,0.09,0.7925
27652,0.7631666666666667,0.02,0.21683333333333332
27653,0.02,0.04,0.94
27654,0.09,0.04,0.87
27655,0.08,0.02,0.9
27656,0.02,0.4581666666666666,0.5218333333333333
27657,0.11,0.46666666666666673,0.4233333333333333
27658,0.04,0.2575,0.7025
27659,0.0,0.06033333333333333,0.9396666666666669
27660,0.26,0.25,0.49
27661,0.01,0.0,0.99
27662,0.0,0.22,0.78
27663,0.131,0.21666666666666667,0.6523333333333333
27664,0.17,0.27166666666666667,0.5583333333333332
27665,0.605,0.06,0.335
27666,0.007142857142857143,0.6378571428571429,0.355
27667,0.02,0.045,0.935
27668,0.21600000000000003,0.0775,0.7065
27669,0.08666666666666666,0.15666666666666668,0.7566666666666666
27670,0.0,0.32300000000000006,0.677
27671,0.575,0.06,0.365
27672,0.3548333333333333,0.06,0.5851666666666667
27673,0.05,0.07,0.88
27674,0.02,0.01,0.97
27675,0.1,0.49,0.41
27676,0.0,0.99,0.01
27677,0.01,0.06,0.93
27678,0.0425,0.02,0.9375
27679,0.07,0.75,0.18
27680,0.205,0.735,0.06
27681,0.05,0.61,0.34
27682,0.16933333333333334,0.075,0.7556666666666666
27683,0.0,0.95,0.05
27684,0.77,0.0,0.23
27685,0.08,0.1628333333333333,0.7571666666666667
27686,0.03,0.07,0.9
27687,0.06,0.53,0.41
27688,0.022000000000000002,0.30999999999999994,0.6679999999999999
27689,0.01,0.66,0.33
27690,0.03,0.11,0.86
27691,0.02,0.0,0.98
27692,0.06,0.2,0.74
27693,0.03,0.1,0.87
27694,0.01,0.07,0.92
27695,0.04,0.2,0.76
27696,0.064,0.45,0.486
27697,0.03,0.05,0.92
27698,0.28,0.24666666666666667,0.4733333333333334
27699,0.013333333333333332,0.765,0.22166666666666665
27700,0.42,0.54,0.04
27701,0.05,0.69,0.26
27702,0.01,0.13,0.86
27703,0.45,0.09999999999999998,0.45
27704,0.02,0.145,0.835
27705,0.02,0.062,0.9179999999999999
27706,0.02,0.02,0.96
27707,0.08,0.14,0.78
27708,0.0,0.03,0.97
27709,0.76,0.14,0.1
27710,0.1366666666666667,0.05333333333333333,0.81
27711,0.03,0.09,0.88
27712,0.03666666666666667,0.06333333333333332,0.9
27713,0.07,0.03,0.9
27714,0.0975,0.27699999999999997,0.6255
27715,0.5575,0.0925,0.35
27716,0.01,0.17,0.82
27717,0.0,0.01,0.99
27718,0.03,0.04,0.93
27719,0.03,0.06,0.91
27720,0.94,0.0,0.06
27721,0.04,0.56,0.4
27722,0.0,0.1,0.9
27723,0.016666666666666666,0.01,0.9733333333333334
27724,0.125,0.2733333333333333,0.6016666666666666
27725,0.015,0.1,0.885
27726,0.24,0.01,0.75
27727,0.03,0.1383333333333333,0.8316666666666667
27728,0.0,0.01,0.99
27729,0.3011666666666667,0.05,0.6488333333333333
27730,0.0125,0.05,0.9375
27731,0.06,0.1,0.84
27732,0.02,0.027999999999999997,0.9520000000000001
27733,0.17,0.065,0.765
27734,0.0375,0.03,0.9325
27735,0.013333333333333332,0.19,0.7966666666666665
27736,0.15333333333333335,0.8266666666666667,0.02
27737,0.08,0.1,0.82
27738,0.035,0.026666666666666665,0.9383333333333335
27739,0.06,0.07,0.87
27740,0.01,0.27,0.72
27741,0.03,0.095,0.875
27742,0.026666666666666665,0.9733333333333333,0.0
27743,0.11,0.1575,0.7325
27744,0.07666666666666666,0.3266666666666667,0.5966666666666667
27745,0.0,0.49,0.51
27746,0.435,0.13,0.435
27747,0.01,0.04,0.95
27748,0.02,0.0175,0.9625
27749,0.085,0.1475,0.7675
27750,0.0,0.01,0.99
27751,0.04,0.02,0.94
27752,0.0,0.07,0.93
27753,0.0,0.97,0.03
27754,0.13,0.34,0.53
27755,0.165,0.375,0.46
27756,0.004,0.196,0.8
27757,0.14,0.85,0.01
27758,0.05,0.95,0.0
27759,0.69,0.22,0.09
27760,0.07,0.01,0.92
27761,0.0,0.72,0.28
27762,0.1015,0.3775,0.5209999999999999
27763,0.33,0.18,0.49
27764,0.025,0.05,0.925
27765,0.04,0.03,0.93
27766,0.15,0.44,0.41
27767,0.07,0.65,0.28
27768,0.0,0.12,0.88
27769,0.09,0.385,0.525
27770,0.09,0.48,0.43
27771,0.41,0.12,0.47
27772,0.08,0.59,0.33
27773,0.1,0.78,0.12
27774,0.125,0.2,0.675
27775,0.16833333333333336,0.8116666666666665,0.02
27776,0.0,0.09,0.91
27777,0.01,0.82,0.17
27778,0.18583333333333332,0.7941666666666667,0.02
27779,0.11,0.25,0.64
27780,0.58,0.2725,0.1475
27781,0.12,0.16,0.72
27782,0.58,0.03666666666666667,0.3833333333333333
27783,0.04,0.61,0.35
27784,0.12166666666666666,0.16333333333333336,0.715
27785,0.07,0.13,0.8
27786,0.8,0.05,0.15
27787,0.02,0.03333333333333333,0.9466666666666665
27788,0.08,0.91,0.01
27789,0.02,0.1,0.88
27790,0.04,0.04,0.92
27791,0.06,0.06666666666666667,0.8733333333333333
27792,0.6842857142857143,0.06,0.2557142857142857
27793,0.01,0.0,0.99
27794,0.0,0.03,0.97
27795,0.0675,0.361,0.5715
27796,0.02,0.0,0.98
27797,0.86,0.01,0.13
27798,0.03,0.005,0.965
27799,0.37416666666666665,0.6258333333333334,0.0
27800,0.02,0.01,0.97
27801,0.065,0.11,0.825
27802,0.03,0.07,0.9
27803,0.365,0.05,0.585
27804,0.09,0.14,0.77
27805,0.23333333333333336,0.7666666666666666,0.0
27806,0.03,0.11,0.86
27807,0.07,0.65,0.28
27808,0.02,0.185,0.795
27809,0.0,0.25,0.75
27810,0.08,0.01,0.91
27811,0.04,0.01,0.95
27812,0.17583333333333337,0.7941666666666666,0.03
27813,0.13,0.2,0.67
27814,0.0,1.0,0.0
27815,0.0,1.0,0.0
27816,0.51,0.11,0.38
27817,0.42749999999999994,0.4924999999999999,0.08
27818,0.16633333333333333,0.0,0.8336666666666668
27819,0.085,0.095,0.82
27820,0.05333333333333334,0.185,0.7616666666666667
27821,0.01,0.02,0.97
27822,0.06,0.11583333333333332,0.8241666666666666
27823,0.04,0.01,0.95
27824,0.648,0.06,0.292
27825,0.01,0.05333333333333333,0.9366666666666668
27826,0.218,0.6920000000000001,0.09
27827,0.13,0.84,0.03
27828,0.02,0.052000000000000005,0.9279999999999999
27829,0.595,0.07,0.335
27830,0.42,0.07,0.51
