index,0,1,2
26457,0.02,0.22,0.76
26458,0.47,0.24,0.29
26459,0.04,0.07,0.89
26460,0.030428571428571426,0.06,0.9095714285714286
26461,0.035,0.2,0.765
26462,0.04,0.06,0.9
26463,0.01,0.01,0.98
26464,0.02,0.29,0.69
26465,0.0,0.071,0.929
26466,0.0,0.03,0.97
26467,0.84,0.05,0.11
26468,0.17,0.27,0.56
26469,0.02,0.075,0.905
26470,0.08,0.17,0.75
26471,0.0,0.02,0.98
26472,0.12833333333333333,0.8616666666666667,0.01
26473,0.47,0.29,0.24
26474,0.02,0.02,0.96
26475,0.10933333333333334,0.20033333333333336,0.6903333333333334
26476,0.11,0.07,0.82
26477,0.025,0.03,0.945
26478,0.04,0.085,0.875
26479,0.02,0.7175,0.2625
26480,0.14,0.03,0.83
26481,0.0,0.17,0.83
26482,0.18,0.17,0.65
26483,0.01,0.01,0.98
26484,0.03,0.265,0.705
26485,0.06,0.0925,0.8475
26486,0.17,0.8,0.03
26487,0.0,0.32,0.68
26488,0.09,0.29,0.62
26489,0.01,0.02,0.97
26490,0.02,0.26,0.72
26491,0.82,0.18,0.0
26492,0.12,0.115,0.765
26493,0.16333333333333336,0.08333333333333331,0.7533333333333333
26494,0.03,0.91,0.06
26495,0.34,0.54,0.12
26496,0.0,0.05,0.95
26497,0.0,0.3,0.7
26498,0.07,0.34,0.59
26499,0.02,0.0,0.98
26500,0.23,0.485,0.285
26501,0.18333333333333335,0.23666666666666664,0.58
26502,0.01,0.05,0.94
26503,0.09666666666666666,0.8833333333333333,0.02
26504,0.16,0.81,0.03
26505,0.25,0.34,0.41
26506,0.05,0.02,0.93
26507,0.02,0.06,0.92
26508,0.14,0.15,0.71
26509,0.04,0.06166666666666666,0.8983333333333333
26510,0.16,0.0,0.84
26511,0.01,0.39,0.6
26512,0.2833333333333333,0.7166666666666666,0.0
26513,0.08,0.14,0.78
26514,0.79,0.02,0.19
26515,0.0,0.95,0.05
26516,0.02,0.025,0.955
26517,0.09,0.19,0.72
26518,0.04,0.255,0.705
26519,0.095,0.21666666666666665,0.6883333333333332
26520,0.23999999999999996,0.08,0.68
26521,0.03,0.02,0.95
26522,0.12916666666666665,0.8708333333333335,0.0
26523,0.47,0.09,0.44
26524,0.01,0.023333333333333334,0.9666666666666667
26525,0.68,0.01,0.31
26526,0.05,0.12,0.83
26527,0.07,0.04,0.89
26528,0.0075,0.065,0.9275
26529,0.17,0.18,0.65
26530,0.04,0.07749999999999999,0.8825
26531,0.18,0.16,0.66
26532,0.01,0.02,0.97
26533,0.02,0.066,0.914
26534,0.04,0.05,0.91
26535,0.13,0.14,0.73
26536,0.0225,0.24,0.7375
26537,0.04,0.12,0.84
26538,0.03,0.026000000000000002,0.9440000000000001
26539,0.09,0.01,0.9
26540,0.33,0.67,0.0
26541,0.0,0.4549761904761905,0.5450238095238095
26542,0.0,0.615,0.385
26543,0.02333333333333333,0.1,0.8766666666666666
26544,0.02,0.03,0.95
26545,0.23,0.51,0.26
26546,0.1,0.01,0.89
26547,0.0,0.05,0.95
26548,0.04,0.03,0.93
26549,0.73,0.05,0.22
26550,0.15,0.055,0.795
26551,0.12,0.1,0.78
26552,0.01,0.09,0.9
26553,0.06333333333333332,0.05,0.8866666666666667
26554,0.06,0.13,0.81
26555,0.01,0.06,0.93
26556,0.04,0.85,0.11
26557,0.15,0.13,0.72
26558,0.02,0.03,0.95
26559,0.16,0.8,0.04
26560,0.0,0.2,0.8
26561,0.15,0.39,0.46
26562,0.05,0.03,0.92
26563,0.21,0.37,0.42
26564,0.12816666666666665,0.17183333333333334,0.7
26565,0.23,0.05,0.72
26566,0.06,0.1,0.84
26567,0.015,0.01,0.975
26568,0.13,0.42,0.45
26569,0.2575,0.7075,0.035
26570,0.125,0.2316666666666667,0.6433333333333333
26571,0.0,0.0,1.0
26572,0.03,0.10333333333333332,0.8666666666666666
26573,0.04,0.13,0.83
26574,0.04,0.85,0.11
26575,0.04,0.075,0.885
26576,0.02,0.02,0.96
26577,0.0,0.7621666666666665,0.2378333333333333
26578,0.2,0.77,0.03
26579,0.2525,0.04,0.7075
26580,0.34,0.49,0.17
26581,0.04,0.09,0.87
26582,0.01,0.0,0.99
26583,0.02,0.07,0.91
26584,0.05,0.74,0.21
26585,0.05,0.11,0.84
26586,0.04083333333333334,0.03,0.9291666666666666
26587,0.0,0.01,0.99
26588,0.04,0.21,0.75
26589,0.05,0.05,0.9
26590,0.12,0.07,0.81
26591,0.015,0.09,0.895
26592,0.02,0.08,0.9
26593,0.14,0.41,0.45
26594,0.1,0.8925,0.0075
26595,0.01,0.09,0.9
26596,0.06,0.0275,0.9125
26597,0.31,0.61,0.08
26598,0.07,0.16333333333333336,0.7666666666666666
26599,0.026666666666666665,0.57,0.40333333333333327
26600,0.06,0.17,0.77
26601,0.09833333333333334,0.2125,0.6891666666666667
26602,0.05,0.01,0.94
26603,0.12733333333333335,0.145,0.7276666666666667
26604,0.0735,0.04333333333333334,0.8831666666666667
26605,0.1,0.26,0.64
26606,0.04,0.96,0.0
26607,0.04,0.02,0.94
26608,0.0,0.8293333333333334,0.17066666666666666
26609,0.06,0.19783333333333336,0.7421666666666665
26610,0.8733333333333334,0.04,0.08666666666666666
26611,0.16333333333333336,0.02,0.8166666666666668
26612,0.01,0.01,0.98
26613,0.01,0.0,0.99
26614,0.11,0.055,0.835
26615,0.04,0.065,0.895
26616,0.34,0.1175,0.5425
26617,0.055,0.085,0.86
26618,0.03,0.1,0.87
26619,0.04,0.2,0.76
26620,0.0,0.05083333333333333,0.9491666666666668
26621,0.0,0.905,0.095
26622,0.585,0.305,0.11
26623,0.03,0.05,0.92
26624,0.0625,0.9,0.0375
26625,0.04666666666666666,0.01,0.9433333333333332
26626,0.13,0.24,0.63
26627,0.02,0.04,0.94
26628,0.69,0.03,0.28
26629,0.06,0.11,0.83
26630,0.01,0.88,0.11
26631,0.051666666666666666,0.12,0.8283333333333333
26632,0.12,0.8,0.08
26633,0.55,0.01,0.44
26634,0.026666666666666665,0.02333333333333333,0.95
26635,0.05,0.78,0.17
26636,0.1,0.27,0.63
26637,0.015,0.05,0.935
26638,0.13,0.2325,0.6375
26639,0.25333333333333335,0.245,0.5016666666666666
26640,0.12,0.5925,0.2875
26641,0.016,0.08333333333333331,0.9006666666666667
26642,0.01,0.24,0.75
26643,0.1,0.52,0.38
26644,0.05,0.03,0.92
26645,0.0,0.87,0.13
26646,0.1,0.02,0.88
26647,0.05,0.77,0.18
26648,0.03,0.45016666666666666,0.5198333333333334
26649,0.11,0.2516666666666667,0.6383333333333333
26650,0.15,0.17,0.68
26651,0.62,0.02,0.36
26652,0.07,0.06,0.87
26653,0.01,0.08,0.91
26654,0.02,0.06,0.92
26655,0.455,0.09,0.455
26656,0.1,0.045,0.855
26657,0.04,0.22,0.74
26658,0.0,0.36333333333333334,0.6366666666666667
26659,0.03,0.10400000000000001,0.866
26660,0.21700000000000003,0.1,0.6829999999999999
26661,0.04,0.08,0.88
26662,0.25,0.04,0.71
26663,0.07,0.8933333333333334,0.03666666666666667
26664,0.05,0.19699999999999998,0.753
26665,0.01,0.02,0.97
26666,0.04,0.1,0.86
26667,0.01,0.03,0.96
26668,0.34,0.02,0.64
26669,0.6660714285714286,0.3339285714285714,0.0
26670,0.052000000000000005,0.09,0.858
26671,0.0275,0.0,0.9725
26672,0.04,0.02,0.94
26673,0.02,0.01,0.97
26674,0.17,0.38,0.45
26675,0.05,0.61,0.34
26676,0.1,0.395,0.505
26677,0.18,0.31,0.51
26678,0.08,0.15,0.77
26679,0.055,0.02,0.925
26680,0.02333333333333333,0.13,0.8466666666666667
26681,0.004,0.01,0.986
26682,0.37,0.26,0.37
26683,0.36,0.06666666666666667,0.5733333333333334
26684,0.02,0.16,0.82
26685,0.11199999999999999,0.1,0.7879999999999999
26686,0.0,0.69,0.31
26687,0.02,0.97,0.01
26688,0.065,0.13749999999999998,0.7975
26689,0.06333333333333332,0.155,0.7816666666666667
26690,0.09833333333333334,0.24,0.6616666666666666
26691,0.2851666666666667,0.09,0.6248333333333332
26692,0.36,0.07,0.57
26693,0.09,0.06,0.85
26694,0.06,0.65,0.29
26695,0.01,0.1,0.89
26696,0.05166666666666666,0.91,0.03833333333333333
26697,0.05,0.2803333333333333,0.6696666666666666
26698,0.39,0.095,0.515
26699,0.03,0.36,0.61
26700,0.005,0.06,0.935
26701,0.24666666666666665,0.7033333333333335,0.05
26702,0.02,0.02,0.96
26703,0.03,0.24,0.73
26704,0.04,0.085,0.875
26705,0.075,0.47,0.455
26706,0.195,0.02,0.785
26707,0.03,0.06,0.91
26708,0.7425,0.0475,0.21
26709,0.04,0.04,0.92
26710,0.22,0.75,0.03
26711,0.03,0.08,0.89
26712,0.07,0.05,0.88
26713,0.0,0.03,0.97
26714,0.672,0.08666666666666668,0.24133333333333337
26715,0.07,0.72,0.21
26716,0.36,0.58,0.06
26717,0.015,0.23166666666666663,0.7533333333333334
26718,0.02,0.04,0.94
26719,0.08199999999999999,0.2,0.718
26720,0.02,0.81,0.17
26721,0.11642857142857142,0.07314285714285713,0.8104285714285715
26722,0.01,0.040999999999999995,0.9490000000000001
26723,0.14,0.06,0.8
26724,0.035,0.14,0.825
26725,0.568,0.16933333333333334,0.2626666666666667
26726,0.0425,0.36333333333333334,0.5941666666666667
26727,0.466,0.1973333333333333,0.3366666666666667
26728,0.01,0.05533333333333333,0.9346666666666666
26729,0.045,0.095,0.86
26730,0.03,0.1575,0.8125
26731,0.05333333333333333,0.06,0.8866666666666666
26732,0.0,0.33,0.67
26733,0.05333333333333333,0.18,0.7666666666666667
26734,0.08,0.89,0.03
26735,0.29,0.2875,0.4225
26736,0.1,0.11,0.79
26737,0.1,0.88,0.02
26738,0.745,0.065,0.19
26739,0.1405,0.29,0.5695
26740,0.11,0.12735714285714286,0.7626428571428571
26741,0.0,0.26,0.74
26742,0.01,0.035,0.955
26743,0.0775,0.1125,0.81
26744,0.07,0.09,0.84
26745,0.06,0.08,0.86
26746,0.06,0.09,0.85
26747,0.01,0.18,0.81
26748,0.03666666666666667,0.04,0.9233333333333333
26749,0.3016666666666667,0.04666666666666666,0.6516666666666666
26750,0.06,0.765,0.175
26751,0.01,0.19,0.8
26752,0.75,0.03,0.22
26753,0.0,0.0,1.0
26754,0.08833333333333332,0.44166666666666665,0.47
26755,0.0,0.5725,0.4275
26756,0.02,0.03,0.95
26757,0.08,0.1,0.82
26758,0.01,0.1445,0.8454999999999999
26759,0.03,0.05,0.92
26760,0.03,0.39095238095238094,0.5790476190476191
26761,0.17,0.83,0.0
26762,0.1,0.3398333333333333,0.5601666666666666
26763,0.595,0.156,0.24900000000000003
26764,0.1,0.09,0.81
26765,0.03333333333333333,0.9666666666666667,0.0
26766,0.03,0.87,0.1
26767,0.05933333333333333,0.03,0.9106666666666667
26768,0.01,0.04,0.95
26769,0.0,0.05,0.95
26770,0.01,0.37,0.62
26771,0.03,0.04,0.93
26772,0.0,0.19,0.81
26773,0.06,0.08,0.86
26774,0.03,0.09333333333333332,0.8766666666666666
26775,0.03,0.06,0.91
26776,0.13,0.33833333333333326,0.5316666666666666
26777,0.185,0.15666666666666665,0.6583333333333334
26778,0.01,0.65,0.34
26779,0.05,0.06,0.89
26780,0.05,0.09,0.86
26781,0.01,0.06,0.93
26782,0.21,0.78,0.01
26783,0.15,0.84,0.01
26784,0.0875,0.4175,0.495
26785,0.06,0.14,0.8
26786,0.01,0.09,0.9
26787,0.08,0.04,0.88
26788,0.09,0.03,0.88
26789,0.03,0.18,0.79
26790,0.132,0.174,0.6940000000000001
26791,0.04,0.045,0.915
26792,0.02,0.135,0.845
26793,0.01,0.03,0.96
26794,0.04,0.24,0.72
26795,0.96,0.03,0.01
26796,0.18333333333333335,0.5966666666666667,0.22
26797,0.04,0.7611666666666668,0.19883333333333336
26798,0.8,0.08,0.12
26799,0.22,0.17,0.61
26800,0.0,0.04,0.96
26801,0.0,0.8,0.2
26802,0.01,0.03,0.96
26803,0.14,0.255,0.605
26804,0.11,0.0775,0.8125
26805,0.1,0.06,0.84
26806,0.10916666666666666,0.31,0.5808333333333334
26807,0.1733333333333333,0.24,0.5866666666666667
26808,0.05,0.84,0.11
26809,0.02,0.19,0.79
26810,0.15,0.03333333333333333,0.8166666666666668
26811,0.09,0.405,0.505
26812,0.01,0.73,0.26
26813,0.05,0.86,0.09
26814,0.03333333333333333,0.34,0.6266666666666666
26815,0.04333333333333333,0.16333333333333333,0.7933333333333334
26816,0.02,0.02,0.96
26817,0.01,0.6,0.39
26818,0.05,0.166,0.784
26819,0.05,0.06,0.89
26820,0.02,0.02,0.96
26821,0.01,0.0,0.99
26822,0.05,0.9,0.05
26823,0.33,0.11,0.56
26824,0.01,0.165,0.825
26825,0.05,0.66,0.29
26826,0.0,0.3893809523809524,0.6106190476190476
26827,0.04,0.08,0.88
26828,0.01,0.04,0.95
26829,0.22333333333333333,0.12666666666666665,0.65
26830,0.04,0.06,0.9
26831,0.67,0.02,0.31
26832,0.03,0.06,0.91
26833,0.33,0.0,0.67
26834,0.04,0.11833333333333332,0.8416666666666666
26835,0.02,0.82,0.16
26836,0.69,0.024285714285714285,0.28571428571428575
26837,0.06,0.0016666666666666666,0.9383333333333335
26838,0.01,0.08,0.91
26839,0.03,0.05,0.92
26840,0.12,0.18,0.7
26841,0.11,0.64,0.25
26842,0.085,0.2725,0.6425
26843,0.01,0.15,0.84
26844,0.01,0.04,0.95
26845,0.09,0.49,0.42
26846,0.13,0.22,0.65
26847,0.03,0.12,0.85
26848,0.11,0.22,0.67
26849,0.026666666666666665,0.13,0.8433333333333333
26850,0.0,0.03,0.97
26851,0.01,0.03,0.96
26852,0.09666666666666666,0.07,0.8333333333333333
26853,0.15,0.74,0.11
26854,0.07666666666666666,0.08,0.8433333333333334
26855,0.01,0.03,0.96
26856,0.02,0.03,0.95
26857,0.0,0.05,0.95
26858,0.03,0.85,0.12
26859,0.08,0.3075,0.6125
26860,0.13,0.01,0.86
26861,0.0,0.16166666666666665,0.8383333333333334
26862,0.24,0.73,0.03
26863,0.01,0.06,0.93
26864,0.07,0.1,0.83
26865,0.02,0.07400000000000001,0.9059999999999999
26866,0.0,0.835,0.165
26867,0.14,0.636,0.22399999999999998
26868,0.044000000000000004,0.05,0.9059999999999999
26869,0.1,0.016666666666666666,0.8833333333333334
26870,0.04,0.08,0.88
26871,0.16166666666666665,0.2926666666666667,0.5456666666666666
26872,0.165,0.065,0.77
26873,0.09,0.91,0.0
26874,0.02,0.22,0.76
26875,0.01,0.79,0.2
26876,0.315,0.665,0.02
26877,0.02,0.73,0.25
26878,0.61,0.1075,0.2825
26879,0.06,0.1,0.84
26880,0.04,0.025,0.935
26881,0.095,0.2316666666666667,0.6733333333333333
26882,0.33,0.6,0.07
26883,0.19333333333333336,0.7766666666666666,0.03
26884,0.0,0.069,0.9309999999999999
26885,0.02,0.69,0.29
26886,0.05,0.78,0.17
26887,0.01,0.0475,0.9425
26888,0.02,0.25,0.73
26889,0.12,0.16,0.72
26890,0.16,0.01,0.83
26891,0.02,0.01,0.97
26892,0.89,0.085,0.025
26893,0.17714285714285716,0.12333333333333332,0.6995238095238094
26894,0.0,0.0,1.0
26895,0.04,0.77,0.19
26896,0.02,0.54,0.44
26897,0.93,0.03,0.04
26898,0.63,0.1,0.27
26899,0.1,0.07,0.83
26900,0.03,0.03,0.94
26901,0.0,0.79,0.21
26902,0.34,0.02,0.64
26903,0.1,0.21166666666666664,0.6883333333333335
26904,0.025,0.5593333333333333,0.41566666666666663
26905,0.13,0.22,0.65
26906,0.02,0.04,0.94
26907,0.08083333333333333,0.3141666666666667,0.605
26908,0.0,0.16,0.84
26909,0.17,0.76,0.07
26910,0.08,0.11,0.81
26911,0.04,0.03,0.93
26912,0.26416666666666666,0.6558333333333333,0.08
26913,0.1375,0.19,0.6725
26914,0.0,0.19666666666666666,0.8033333333333335
26915,0.16899999999999998,0.1195,0.7115
26916,0.075,0.6466666666666666,0.2783333333333333
26917,0.06,0.17,0.77
26918,0.13,0.13,0.74
26919,0.07,0.14,0.79
26920,0.08,0.45666666666666667,0.4633333333333334
26921,0.01,0.0,0.99
26922,0.02,0.93,0.05
26923,0.0,0.92,0.08
26924,0.11,0.205,0.685
26925,0.0125,0.0175,0.97
26926,0.0125,0.04,0.9475
26927,0.14,0.45166666666666666,0.4083333333333334
26928,0.0,0.06,0.94
26929,0.2861666666666667,0.13233333333333333,0.5815
26930,0.006666666666666666,0.26,0.7333333333333333
26931,0.022000000000000002,0.08,0.898
26932,0.41345238095238096,0.5565476190476191,0.03
26933,0.5775,0.04,0.3825
26934,0.05,0.3,0.65
26935,0.04,0.7108333333333334,0.24916666666666668
26936,0.03,0.22,0.75
26937,0.18166666666666667,0.13833333333333334,0.68
26938,0.03,0.03,0.94
26939,0.07,0.63,0.3
26940,0.01,0.01,0.98
26941,0.16666666666666663,0.4833333333333333,0.35
26942,0.01,0.23,0.76
26943,0.04,0.225,0.735
26944,0.04,0.02,0.94
26945,0.1467857142857143,0.2041666666666667,0.649047619047619
26946,0.01,0.78,0.21
26947,0.12,0.355,0.525
26948,0.04,0.08,0.88
26949,0.02,0.05333333333333334,0.9266666666666665
26950,0.11,0.04,0.85
26951,0.15666666666666665,0.25,0.5933333333333334
26952,0.0,0.8134642857142858,0.18653571428571428
26953,0.01,0.64,0.35
26954,0.02,0.16035714285714284,0.8196428571428572
26955,0.05,0.4403333333333334,0.5096666666666666
26956,0.0,0.03,0.97
26957,0.025,0.02,0.955
26958,0.0,0.01,0.99
26959,0.42,0.135,0.445
26960,0.02,0.03,0.95
26961,0.0,0.19480952380952385,0.8051904761904762
26962,0.7501666666666668,0.13983333333333334,0.11
26963,0.16,0.07,0.77
26964,0.095,0.08,0.825
26965,0.17,0.10833333333333334,0.7216666666666666
26966,0.9,0.04,0.06
26967,0.01,0.02,0.97
26968,0.3466666666666666,0.13,0.5233333333333333
26969,0.03,0.08,0.89
26970,0.69,0.11333333333333333,0.19666666666666666
26971,0.01,0.04,0.95
26972,0.27375,0.70825,0.018000000000000002
26973,0.05,0.10099999999999999,0.8490000000000001
26974,0.02,0.01,0.97
26975,0.07,0.07,0.86
26976,0.06,0.09,0.85
26977,0.12,0.43,0.45
26978,0.09,0.6528571428571428,0.2571428571428572
26979,0.04,0.09,0.87
26980,0.01,0.3996666666666668,0.5903333333333334
26981,0.046,0.06333333333333332,0.8906666666666667
26982,0.07,0.04,0.89
26983,0.1351111111111111,0.8648888888888889,0.0
26984,0.13,0.87,0.0
26985,0.02,0.25,0.73
26986,0.57,0.23,0.2
26987,0.13,0.14,0.73
26988,0.09,0.27,0.64
26989,0.835,0.12,0.045
26990,0.04,0.065,0.895
26991,0.0,0.006666666666666666,0.9933333333333333
26992,0.1,0.34,0.56
26993,0.06,0.0,0.94
26994,0.18,0.12,0.7
26995,0.72,0.01,0.27
26996,0.01,0.03,0.96
26997,0.05333333333333333,0.01,0.9366666666666668
26998,0.0,0.21,0.79
26999,0.035666666666666666,0.14,0.8243333333333333
27000,0.02,0.505,0.475
27001,0.12033333333333329,0.10758333333333332,0.7720833333333335
27002,0.14666666666666667,0.04,0.8133333333333335
27003,0.01,0.01,0.98
27004,0.04,0.07,0.89
27005,0.0,0.18499999999999997,0.815
27006,0.0,0.9,0.1
27007,0.08,0.03,0.89
27008,0.01,0.0375,0.9525
27009,0.12,0.06,0.82
27010,0.01,0.76,0.23
27011,0.03,0.01,0.96
27012,0.3406666666666666,0.19,0.4693333333333334
27013,0.0,0.02,0.98
27014,0.13,0.72,0.15
27015,0.27,0.68,0.05
27016,0.11,0.6115,0.2785
27017,0.24,0.02,0.74
27018,0.02,0.025,0.955
27019,0.08166666666666668,0.8883333333333333,0.03
27020,0.08333333333333334,0.595,0.3216666666666667
27021,0.17666666666666667,0.2583333333333333,0.565
27022,0.01,0.01,0.98
27023,0.04,0.03,0.93
27024,0.11333333333333333,0.315,0.5716666666666667
27025,0.0,0.2425,0.7575
27026,0.02,0.06,0.92
27027,0.01,0.07,0.92
27028,0.06,0.135,0.805
27029,0.03,0.11,0.86
27030,0.225,0.25666666666666665,0.5183333333333333
27031,0.105,0.02,0.875
27032,0.03666666666666667,0.05,0.9133333333333334
27033,0.01,0.02,0.97
27034,0.2833333333333333,0.06,0.6566666666666667
27035,0.025,0.27,0.705
27036,0.04,0.27,0.69
27037,0.0,0.01,0.99
27038,0.0,0.945,0.055
27039,0.1,0.22916666666666669,0.6708333333333334
27040,0.12816666666666668,0.1,0.7718333333333333
27041,0.53,0.1075,0.3625
27042,0.15,0.06,0.79
27043,0.03333333333333333,0.08666666666666668,0.88
27044,0.3746666666666667,0.05,0.5753333333333333
27045,0.01,0.17,0.82
27046,0.17416666666666664,0.016,0.8098333333333333
27047,0.03,0.0,0.97
27048,0.7906666666666665,0.026666666666666665,0.18266666666666664
27049,0.02,0.62,0.36
27050,0.1525,0.8375,0.01
27051,0.06,0.6633333333333333,0.2766666666666666
27052,0.02,0.075,0.905
27053,0.635,0.09,0.275
27054,0.61,0.013333333333333332,0.3766666666666667
27055,0.05,0.31,0.64
27056,0.62,0.0775,0.3025
27057,0.03,0.05,0.92
27058,0.04,0.01,0.95
27059,0.79,0.04,0.17
27060,0.055,0.02,0.925
27061,0.04,0.08166666666666667,0.8783333333333333
27062,0.05,0.12,0.83
27063,0.06,0.365,0.575
27064,0.125,0.075,0.8
27065,0.28,0.05,0.67
27066,0.0,0.03,0.97
27067,0.09,0.16,0.75
27068,0.07333333333333333,0.21,0.7166666666666666
27069,0.00875,0.02,0.97125
27070,0.03,0.0375,0.9325
27071,0.68,0.025,0.295
27072,0.012833333333333332,0.4364761904761904,0.5506904761904763
27073,0.01,0.06,0.93
27074,0.03,0.16,0.81
27075,0.03,0.01,0.96
27076,0.07666666666666666,0.11833333333333332,0.805
27077,0.04,0.13,0.83
27078,0.01,0.01,0.98
27079,0.24333333333333332,0.056666666666666664,0.7
27080,0.02,0.3468333333333333,0.6331666666666667
27081,0.01,0.06,0.93
27082,0.0,0.5275,0.4725
27083,0.04,0.11,0.85
27084,0.08,0.38,0.54
27085,0.04,0.07,0.89
27086,0.01,0.04,0.95
27087,0.02,0.04,0.94
27088,0.3,0.0275,0.6725
27089,0.02,0.02,0.96
27090,0.01,0.05,0.94
27091,0.09,0.10083333333333332,0.8091666666666666
27092,0.065,0.1,0.835
27093,0.0,0.18816666666666668,0.8118333333333335
27094,0.12,0.05,0.83
27095,0.02,0.05,0.93
27096,0.01,0.05333333333333334,0.9366666666666665
27097,0.105,0.0,0.895
27098,0.31,0.64,0.05
27099,0.04,0.06,0.9
27100,0.01,0.03,0.96
27101,0.06416666666666666,0.030666666666666665,0.9051666666666667
27102,0.0,0.03,0.97
27103,0.16,0.15,0.69
27104,0.0,0.0,1.0
27105,0.03,0.08833333333333332,0.8816666666666666
27106,0.0,0.9,0.1
27107,0.05,0.08,0.87
27108,0.03,0.12,0.85
27109,0.02,0.03,0.95
27110,0.67,0.09666666666666666,0.23333333333333336
27111,0.18,0.06,0.76
27112,0.02,0.05,0.93
27113,0.12,0.06,0.82
27114,0.04,0.05,0.91
27115,0.21,0.02,0.77
27116,0.003333333333333333,0.0,0.9966666666666667
27117,0.06,0.1,0.84
27118,0.03,0.0,0.97
27119,0.06416666666666666,0.26,0.6758333333333334
27120,0.13,0.09,0.78
27121,0.05,0.72,0.23
27122,0.79,0.03,0.18
27123,0.335,0.665,0.0
27124,0.02,0.14083333333333334,0.8391666666666666
27125,0.05,0.52,0.43
27126,0.01,0.01,0.98
27127,0.69,0.2673809523809524,0.04261904761904762
27128,0.25,0.75,0.0
27129,0.09,0.2,0.71
27130,0.5392619047619048,0.055,0.40573809523809523
27131,0.01,0.03,0.96
27132,0.107,0.313,0.58
27133,0.555,0.299,0.146
27134,0.065,0.055,0.88
27135,0.2,0.24,0.56
27136,0.0,0.89,0.11
27137,0.0,0.4557857142857143,0.5442142857142858
27138,0.2525,0.6875,0.06
27139,0.075,0.03,0.895
27140,0.09,0.03,0.88
27141,0.0,0.0,1.0
27142,0.02,0.01,0.97
27143,0.245,0.151,0.604
27144,0.01,0.91,0.08
27145,0.0,0.01,0.99
27146,0.24,0.19,0.57
27147,0.02,0.79,0.19
27148,0.05,0.31,0.64
27149,0.07,0.17,0.76
27150,0.17,0.36,0.47
27151,0.7633333333333333,0.02,0.21666666666666667
27152,0.12,0.25,0.63
27153,0.09,0.15,0.76
27154,0.14,0.63,0.23
27155,0.09,0.26,0.65
27156,0.03,0.8623333333333335,0.10766666666666667
27157,0.12,0.34333333333333327,0.5366666666666667
27158,0.0,0.0,1.0
27159,0.07,0.04,0.89
27160,0.225,0.595,0.18
27161,0.015,0.09,0.895
27162,0.09,0.12666666666666668,0.7833333333333334
27163,0.035,0.12,0.845
27164,0.03,0.59,0.38
27165,0.08666666666666666,0.1,0.8133333333333335
27166,0.3,0.08,0.62
27167,0.0,0.04,0.96
27168,0.095,0.16,0.745
27169,0.08,0.09,0.83
27170,0.01,0.08,0.91
27171,0.3016666666666667,0.14,0.5583333333333332
27172,0.02,0.65,0.33
27173,0.674,0.086,0.24
27174,0.03,0.08,0.89
27175,0.15333333333333335,0.8166666666666668,0.03
27176,0.065,0.915,0.02
27177,0.2633333333333333,0.08,0.6566666666666667
27178,0.12,0.3233333333333333,0.5566666666666666
27179,0.018333333333333333,0.47857142857142854,0.503095238095238
27180,0.025,0.09666666666666666,0.8783333333333333
27181,0.0,0.08,0.92
27182,0.215,0.1,0.685
27183,0.01,0.36,0.63
27184,0.29,0.16,0.55
27185,0.08,0.11333333333333334,0.8066666666666668
27186,0.004,0.066,0.93
27187,0.02,0.26,0.72
27188,0.344,0.086,0.57
27189,0.01,0.20166666666666663,0.7883333333333334
27190,0.09333333333333332,0.09166666666666666,0.8149999999999998
27191,0.49,0.05,0.46
27192,0.09,0.11333333333333334,0.7966666666666667
27193,0.1025,0.7775,0.12
27194,0.01,0.3818333333333333,0.6081666666666666
27195,0.07666666666666667,0.0,0.9233333333333333
27196,0.0,0.05,0.95
27197,0.09,0.04,0.87
27198,0.01,0.105,0.885
27199,0.055,0.0325,0.9125
27200,0.06,0.1,0.84
27201,0.01,0.03,0.96
27202,0.0,0.08,0.92
27203,0.02,0.03,0.95
27204,0.1425,0.8575,0.0
27205,0.01,0.9,0.09
27206,0.1,0.1,0.8
27207,0.13,0.12333333333333332,0.7466666666666667
27208,0.04,0.045,0.915
27209,0.07,0.07,0.86
27210,0.14,0.16,0.7
27211,0.045,0.29,0.665
27212,0.04,0.55,0.41
27213,0.3,0.11,0.59
27214,0.215,0.7099999999999999,0.075
27215,0.0,0.2,0.8
27216,0.0,0.026666666666666665,0.9733333333333334
27217,0.03166666666666667,0.7983333333333333,0.17
27218,0.22,0.03,0.75
27219,0.13,0.075,0.795
27220,0.45,0.06,0.49
27221,0.0175,0.02,0.9625
27222,0.025,0.04,0.935
27223,0.524,0.105,0.371
27224,0.17,0.75,0.08
27225,0.25,0.136,0.614
27226,0.0,0.06,0.94
27227,0.02,0.23399999999999999,0.746
27228,0.01,0.02,0.97
27229,0.0,0.14333333333333334,0.8566666666666666
27230,0.21,0.12,0.67
27231,0.12583333333333332,0.1575,0.7166666666666667
27232,0.15416666666666667,0.06,0.7858333333333333
27233,0.04,0.06,0.9
27234,0.02,0.03,0.95
27235,0.04,0.01,0.95
27236,0.07,0.2725,0.6575
27237,0.0,0.0,1.0
27238,0.01,0.04,0.95
27239,0.03,0.49766666666666665,0.4723333333333333
27240,0.06,0.085,0.855
27241,0.03,0.97,0.0
27242,0.1416666666666667,0.6299999999999999,0.22833333333333333
27243,0.02,0.04,0.94
27244,0.01,0.9,0.09
27245,0.48119047619047634,0.005,0.5138095238095236
27246,0.07,0.3266666666666667,0.6033333333333334
27247,0.03,0.065,0.905
27248,0.07666666666666666,0.7033333333333335,0.22
27249,0.15,0.81,0.04
27250,0.25749999999999995,0.7425,0.0
27251,0.02,0.02,0.96
27252,0.03833333333333334,0.5066666666666667,0.455
27253,0.09,0.18,0.73
27254,0.35,0.155,0.495
27255,0.065,0.3431666666666666,0.5918333333333333
27256,0.08,0.04,0.88
27257,0.4318333333333333,0.43816666666666665,0.13
27258,0.01,0.4789761904761904,0.5110238095238097
27259,0.2,0.22666666666666668,0.5733333333333334
27260,0.0,0.02,0.98
27261,0.02,0.6679999999999999,0.312
27262,0.13,0.15333333333333332,0.7166666666666666
27263,0.17,0.35,0.48
27264,0.0,0.05333333333333333,0.9466666666666665
27265,0.11,0.19,0.7
27266,0.55,0.2375,0.2125
27267,0.1525,0.0325,0.815
27268,0.0025,0.0,0.9975
27269,0.08333333333333331,0.19,0.7266666666666666
27270,0.02,0.02,0.96
27271,0.0,0.96,0.04
27272,0.42,0.01,0.57
27273,0.0,0.26,0.74
27274,0.11,0.0,0.89
27275,0.01,0.8483333333333333,0.14166666666666666
27276,0.13,0.21,0.66
27277,0.20600000000000002,0.794,0.0
27278,0.24166666666666667,0.3575,0.4008333333333334
27279,0.03,0.19,0.78
27280,0.33319047619047615,0.6034761904761906,0.06333333333333332
27281,0.0,0.04,0.96
27282,0.01,0.0,0.99
27283,0.12,0.43,0.45
27284,0.32,0.12,0.56
27285,0.01,0.8833333333333334,0.10666666666666666
27286,0.97,0.0,0.03
27287,0.06333333333333332,0.1025,0.8341666666666667
27288,0.0,0.7616666666666666,0.2383333333333333
27289,0.0,0.97,0.03
27290,0.02,0.02,0.96
27291,0.06833333333333333,0.27,0.6616666666666666
27292,0.77,0.02,0.21
27293,0.564,0.06,0.376
27294,0.11,0.06,0.83
27295,0.08,0.92,0.0
27296,0.01,0.15733333333333333,0.8326666666666667
27297,0.04,0.18,0.78
27298,0.19133333333333336,0.01,0.7986666666666666
27299,0.6891666666666666,0.05208333333333334,0.25875
27300,0.13,0.23,0.64
27301,0.1,0.45,0.45
27302,0.1,0.04,0.86
27303,0.0,0.23,0.77
27304,0.15,0.175,0.675
27305,0.057,0.115,0.828
27306,0.138,0.2,0.662
27307,0.21,0.02,0.77
27308,0.04,0.04,0.92
27309,0.18,0.06,0.76
27310,0.05,0.5933333333333333,0.3566666666666667
27311,0.07666666666666666,0.18666666666666665,0.7366666666666667
27312,0.03,0.24866666666666665,0.7213333333333334
27313,0.08,0.06,0.86
27314,0.0175,0.02,0.9625
27315,0.04,0.96,0.0
27316,0.03,0.01,0.96
27317,0.0,0.04,0.96
27318,0.04333333333333334,0.51,0.44666666666666666
27319,0.06333333333333332,0.09,0.8466666666666666
27320,0.0,0.33,0.67
27321,0.035,0.185,0.78
27322,0.07,0.12,0.81
27323,0.3,0.29,0.41
27324,0.05,0.091,0.8590000000000001
27325,0.02,0.1,0.88
27326,0.65,0.05,0.3
27327,0.09,0.21,0.7
27328,0.2,0.12,0.68
27329,0.0,0.01,0.99
27330,0.0,0.01,0.99
27331,0.03,0.11,0.86
27332,0.06,0.02,0.92
27333,0.05,0.06,0.89
27334,0.0,0.086,0.914
27335,0.02,0.0,0.98
27336,0.73,0.11,0.16
27337,0.02,0.57,0.41
27338,0.045,0.655,0.3
27339,0.09,0.35733333333333334,0.5526666666666666
27340,0.0,0.03,0.97
27341,0.7,0.0525,0.2475
27342,0.14,0.465,0.395
27343,0.054000000000000006,0.486,0.46
27344,0.10483333333333335,0.4561666666666667,0.439
27345,0.15,0.155,0.695
27346,0.0,0.72,0.28
27347,0.31,0.02,0.67
27348,0.10400000000000001,0.15,0.746
27349,0.01,0.02,0.97
27350,0.08,0.09,0.83
27351,0.042666666666666665,0.15333333333333335,0.804
27352,0.03,0.09666666666666668,0.8733333333333333
27353,0.02,0.81,0.17
27354,0.0,0.55,0.45
27355,0.74,0.06,0.2
27356,0.1,0.11666666666666665,0.7833333333333334
27357,0.008,0.01,0.982
27358,0.04,0.07,0.89
27359,0.01,0.95,0.04
27360,0.04,0.07,0.89
27361,0.01,0.82,0.17
27362,0.2,0.0,0.8
27363,0.48028571428571426,0.005,0.5147142857142858
27364,0.13,0.03,0.84
27365,0.03,0.01,0.96
27366,0.01,0.04,0.95
27367,0.77,0.05,0.18
27368,0.02,0.016666666666666666,0.9633333333333333
27369,0.0,0.02,0.98
27370,0.24,0.75,0.01
27371,0.04,0.07,0.89
27372,0.035,0.03,0.935
27373,0.04,0.16,0.8
27374,0.3,0.04,0.66
27375,0.0225,0.04,0.9375
27376,0.04,0.05,0.91
27377,0.06,0.23,0.71
27378,0.08,0.91,0.01
27379,0.21,0.77,0.02
27380,0.01,0.23,0.76
27381,0.0775,0.16,0.7625
27382,0.07,0.08,0.85
27383,0.15,0.06166666666666666,0.7883333333333333
27384,0.06,0.52,0.42
27385,0.02,0.55,0.43
27386,0.04,0.04,0.92
27387,0.1,0.15,0.75
27388,0.635,0.19399999999999998,0.171
27389,0.17,0.08,0.75
27390,0.15166666666666667,0.225,0.6233333333333334
27391,0.07,0.46,0.47
27392,0.02,0.02,0.96
27393,0.65,0.26,0.09
27394,0.06,0.68,0.26
27395,0.2633333333333333,0.14,0.5966666666666667
27396,0.21,0.69,0.1
27397,0.08333333333333331,0.19833333333333333,0.7183333333333334
27398,0.01,0.0,0.99
27399,0.08,0.25,0.67
27400,0.0,0.03,0.97
27401,0.04666666666666666,0.17300000000000001,0.7803333333333332
27402,0.04,0.91,0.05
27403,0.0,0.29,0.71
27404,0.0,0.01,0.99
27405,0.01,0.09,0.9
27406,0.1075,0.22833333333333336,0.6641666666666666
27407,0.07,0.13,0.8
27408,0.04,0.0,0.96
27409,0.13583333333333333,0.42,0.44416666666666665
27410,0.03,0.09666666666666668,0.8733333333333333
27411,0.01,0.03,0.96
27412,0.02,0.02,0.96
27413,0.33083333333333337,0.03,0.6391666666666667
27414,0.34,0.49,0.17
27415,0.07,0.16,0.77
27416,0.02,0.07,0.91
27417,0.7,0.29,0.01
27418,0.34,0.05,0.61
27419,0.85,0.05,0.1
27420,0.125,0.17,0.705
27421,0.0,0.1,0.9
27422,0.0,0.84,0.16
27423,0.0625,0.39683333333333337,0.5406666666666666
27424,0.06,0.03,0.91
27425,0.08,0.22,0.7
27426,0.0,0.25,0.75
27427,0.56,0.12,0.32
27428,0.155,0.205,0.64
27429,0.68,0.03,0.29
27430,0.003333333333333333,0.08,0.9166666666666667
27431,0.0,0.02,0.98
27432,0.0,0.71,0.29
27433,0.01,0.95,0.04
27434,0.03,0.3066666666666667,0.6633333333333334
27435,0.17833333333333332,0.185,0.6366666666666666
27436,0.06,0.03,0.91
27437,0.01,0.01,0.98
27438,0.07,0.05,0.88
27439,0.01,0.79,0.2
27440,0.11333333333333334,0.23,0.6566666666666666
27441,0.1,0.04,0.86
27442,0.0,0.11,0.89
27443,0.09,0.08,0.83
27444,0.09,0.3831666666666667,0.5268333333333334
27445,0.6,0.02,0.38
27446,0.65,0.1,0.25
27447,0.14083333333333334,0.2633333333333333,0.5958333333333333
27448,0.59,0.28,0.13
27449,0.11,0.04,0.85
27450,0.401,0.28900000000000003,0.31
27451,0.09,0.02,0.89
27452,0.494,0.05,0.456
27453,0.07,0.0,0.93
27454,0.01,0.14,0.85
27455,0.01,0.76,0.23
27456,0.19349999999999998,0.7465,0.06
27457,0.14,0.115,0.745
27458,0.93,0.02,0.05
27459,0.02,0.04,0.94
27460,0.93,0.07,0.0
27461,0.046,0.83,0.124
27462,0.025,0.06,0.915
27463,0.19,0.5,0.31
27464,0.02,0.69,0.29
27465,0.20833333333333331,0.13,0.6616666666666666
27466,0.07,0.18666666666666668,0.7433333333333333
27467,0.0275,0.2025,0.77
27468,0.4908333333333333,0.03,0.47916666666666674
27469,0.015,0.55,0.435
27470,0.013999999999999999,0.02,0.966
27471,0.05,0.07,0.88
27472,0.03,0.02,0.95
27473,0.05,0.66,0.29
27474,0.125,0.255,0.62
27475,0.056666666666666664,0.08142857142857142,0.8619047619047621
27476,0.09,0.1,0.81
27477,0.79,0.04,0.17
27478,0.044000000000000004,0.076,0.88
27479,0.08,0.38,0.54
27480,0.01,0.175,0.815
27481,0.06,0.86,0.08
27482,0.04,0.4395,0.5205
27483,0.5136428571428572,0.04,0.44635714285714284
27484,0.0,0.13,0.87
27485,0.03,0.02,0.95
27486,0.095,0.655,0.25
27487,0.16,0.0,0.84
27488,0.7906666666666665,0.026666666666666665,0.18266666666666664
27489,0.04,0.0,0.96
27490,0.03,0.02,0.95
27491,0.02,0.01,0.97
27492,0.03,0.4264523809523809,0.5435476190476192
27493,0.15,0.53,0.32
27494,0.04,0.2565,0.7034999999999999
27495,0.0,0.2225,0.7775
27496,0.10333333333333333,0.2816666666666667,0.615
27497,0.58,0.06,0.36
27498,0.01,0.62,0.37
27499,0.01,0.01,0.98
27500,0.14,0.125,0.735
27501,0.10666666666666666,0.23600000000000002,0.6573333333333333
27502,0.08,0.3025,0.6174999999999999
27503,0.41,0.07,0.52
27504,0.37683333333333335,0.07666666666666666,0.5464999999999999
27505,0.05,0.09,0.86
27506,0.02,0.0,0.98
27507,0.1,0.48,0.42
27508,0.0,0.99,0.01
27509,0.02,0.02,0.96
27510,0.05,0.63,0.32
27511,0.2225,0.7125,0.065
27512,0.02,0.55,0.43
27513,0.19,0.04,0.77
27514,0.06,0.225,0.715
27515,0.05,0.17,0.78
27516,0.07,0.62,0.31
27517,0.06333333333333334,0.3325,0.6041666666666667
27518,0.0,0.7,0.3
27519,0.08,0.05,0.87
27520,0.01,0.0175,0.9725
27521,0.04,0.23833333333333337,0.7216666666666667
27522,0.03,0.07,0.9
27523,0.01,0.06,0.93
27524,0.05,0.22,0.73
27525,0.29,0.3075,0.4025
27526,0.5433333333333333,0.43666666666666665,0.02
27527,0.035,0.77,0.195
27528,0.02,0.15,0.83
27529,0.47,0.18233333333333335,0.3476666666666667
27530,0.02,0.28,0.7
27531,0.01,0.05916666666666666,0.9308333333333333
27532,0.03,0.1025,0.8675
27533,0.87,0.05,0.08
27534,0.04,0.17833333333333334,0.7816666666666666
27535,0.04,0.075,0.885
27536,0.02,0.11,0.87
27537,0.08,0.0,0.92
27538,0.03,0.3483333333333333,0.6216666666666666
27539,0.69,0.04,0.27
27540,0.0,0.23,0.77
27541,0.0,0.0,1.0
27542,0.05,0.06,0.89
27543,0.07,0.09,0.84
27544,0.04,0.06,0.9
27545,0.09,0.29083333333333333,0.6191666666666668
27546,0.0225,0.11,0.8675
27547,0.0,0.01,0.99
27548,0.294,0.03,0.676
27549,0.03,0.09,0.88
27550,0.03,0.06666666666666667,0.9033333333333334
27551,0.12,0.05,0.83
27552,0.055,0.06,0.885
27553,0.01,0.2783333333333333,0.7116666666666667
27554,0.19983333333333334,0.7368333333333332,0.06333333333333332
27555,0.04,0.15,0.81
27556,0.01,0.07083333333333333,0.9191666666666667
27557,0.04,0.05333333333333333,0.9066666666666667
27558,0.025,0.1,0.875
27559,0.05,0.95,0.0
27560,0.03,0.085,0.885
27561,0.03,0.515,0.455
27562,0.376,0.124,0.5
27563,0.01,0.03,0.96
27564,0.03,0.0,0.97
27565,0.16,0.14833333333333334,0.6916666666666665
27566,0.0,0.0,1.0
27567,0.018333333333333333,0.03,0.9516666666666667
27568,0.0,0.98,0.02
27569,0.10300000000000001,0.30666666666666664,0.5903333333333333
27570,0.19,0.31833333333333336,0.4916666666666667
27571,0.08,0.12,0.8
27572,0.16,0.8,0.04
27573,0.06,0.94,0.0
27574,0.73,0.19,0.08
27575,0.055,0.03,0.915
27576,0.0,0.7383333333333334,0.26166666666666666
27577,0.0625,0.43133333333333335,0.5061666666666668
27578,0.02,0.01,0.97
27579,0.14,0.31,0.55
27580,0.0725,0.6275,0.3
27581,0.02,0.4,0.58
27582,0.07,0.6,0.33
27583,0.34333333333333327,0.13,0.5266666666666666
27584,0.1,0.56,0.34
27585,0.08,0.74,0.18
27586,0.1,0.3025,0.5975
27587,0.0,0.05,0.95
27588,0.04,0.715,0.245
27589,0.19666666666666666,0.7933333333333333,0.01
27590,0.67,0.19,0.14
27591,0.15,0.16,0.69
27592,0.4733333333333334,0.09583333333333333,0.4308333333333333
27593,0.02,0.61,0.37
27594,0.14,0.1,0.76
27595,0.06,0.16666666666666669,0.7733333333333333
27596,0.8,0.02,0.18
27597,0.03,0.04666666666666666,0.9233333333333333
27598,0.04,0.91,0.05
27599,0.01,0.09,0.9
27600,0.02,0.04,0.94
27601,0.02,0.019999999999999997,0.96
27602,0.5943333333333333,0.05,0.35566666666666663
27603,0.004,0.01,0.986
27604,0.131,0.27399999999999997,0.595
27605,0.82,0.01,0.17
27606,0.03,0.03,0.94
27607,0.225,0.775,0.0
27608,0.0,0.0,1.0
27609,0.09,0.05,0.86
27610,0.42833333333333345,0.04,0.5316666666666666
27611,0.09,0.07,0.84
27612,0.27999999999999997,0.72,0.0
27613,0.05,0.08,0.87
27614,0.04,0.72,0.24
27615,0.05,0.2,0.75
27616,0.03,0.22,0.75
27617,0.08,0.04,0.88
27618,0.06,0.01,0.93
27619,0.19083333333333333,0.7991666666666667,0.01
27620,0.14,0.15,0.71
27621,0.0,1.0,0.0
27622,0.67,0.03,0.3
27623,0.45949999999999996,0.47050000000000003,0.07
27624,0.19166666666666665,0.01,0.7983333333333333
27625,0.11,0.12,0.77
27626,0.16166666666666668,0.09,0.7483333333333333
27627,0.01,0.01,0.98
27628,0.056666666666666664,0.065,0.8783333333333333
27629,0.035,0.045,0.92
27630,0.63,0.06,0.31
27631,0.2,0.76,0.04
27632,0.03,0.05,0.92
27633,0.54,0.09,0.37
27634,0.42,0.084,0.496
27635,0.01,0.84,0.15
27636,0.01,0.03833333333333334,0.9516666666666667
27637,0.09,0.06,0.85
27638,0.02,0.0,0.98
27639,0.08,0.145,0.775
27640,0.6066666666666667,0.13933333333333334,0.254
27641,0.036000000000000004,0.03,0.9340000000000002
27642,0.06,0.02,0.92
27643,0.17,0.1,0.73
27644,0.01,0.09850000000000002,0.8915000000000001
27645,0.03,0.01,0.96
27646,0.05,0.11,0.84
27647,0.04,0.11,0.85
27648,0.12,0.6266666666666666,0.25333333333333335
27649,0.1,0.35,0.55
27650,0.04,0.69,0.27
27651,0.0,0.0025,0.9975
27652,0.25,0.15,0.6
27653,0.03,0.8,0.17
27654,0.0475,0.09,0.8625
27655,0.2425,0.24666666666666665,0.5108333333333333
27656,0.12,0.20600000000000002,0.674
27657,0.04,0.65,0.31
27658,0.56,0.08,0.36
27659,0.11,0.08,0.81
27660,0.07,0.05,0.88
27661,0.626892857142857,0.3731071428571429,0.0
27662,0.01,0.95,0.04
27663,0.02,0.05,0.93
27664,0.02,0.5233333333333333,0.45666666666666667
27665,0.0,0.01,0.99
27666,0.84,0.02,0.14
27667,0.105,0.21,0.685
27668,0.03,0.04,0.93
27669,0.01,0.05,0.94
27670,0.015,0.14,0.845
27671,0.07,0.21,0.72
27672,0.03,0.11,0.86
27673,0.06,0.04,0.9
27674,0.03,0.01,0.96
27675,0.0,0.04,0.96
27676,0.08,0.10333333333333333,0.8166666666666668
27677,0.07,0.3635,0.5665
27678,0.05,0.192,0.758
27679,0.07,0.52,0.41
27680,0.05,0.35983333333333334,0.5901666666666666
27681,0.05,0.67,0.28
27682,0.11,0.09,0.8
27683,0.08566666666666667,0.9043333333333333,0.01
27684,0.18,0.14,0.68
27685,0.16,0.08,0.76
27686,0.09625,0.355,0.54875
27687,0.7381666666666666,0.26183333333333336,0.0
27688,0.11,0.09,0.8
27689,0.09,0.035,0.875
27690,0.33,0.0,0.67
27691,0.01,0.8,0.19
27692,0.09416666666666668,0.24583333333333332,0.66
27693,0.0625,0.66,0.2775
27694,0.05,0.03,0.92
27695,0.24833333333333335,0.7366666666666666,0.015
27696,0.57,0.19,0.24
27697,0.48,0.08607142857142858,0.4339285714285714
27698,0.0,0.025,0.975
27699,0.06,0.06,0.88
27700,0.8133333333333332,0.0125,0.1741666666666667
27701,0.07166666666666666,0.14,0.7883333333333334
27702,0.56,0.08,0.36
27703,0.5083333333333333,0.07166666666666667,0.42
27704,0.18,0.21,0.61
27705,0.02,0.07,0.91
27706,0.06,0.235,0.705
27707,0.12666666666666665,0.12,0.7533333333333334
27708,0.09,0.73,0.18
27709,0.09,0.33666666666666667,0.5733333333333334
27710,0.09,0.126,0.784
27711,0.04,0.12,0.84
27712,0.3,0.0275,0.6725
27713,0.57,0.24,0.19
27714,0.0,0.0,1.0
27715,0.0,0.01,0.99
27716,0.05,0.27,0.68
27717,0.01,0.49230952380952375,0.49769047619047624
27718,0.07,0.364,0.5660000000000001
27719,0.0,0.89,0.11
27720,0.17,0.8,0.03
27721,0.4854761904761905,0.0,0.5145238095238095
27722,0.024,0.035,0.941
27723,0.77,0.030119047619047618,0.19988095238095238
27724,0.07083333333333335,0.0325,0.8966666666666666
27725,0.05,0.66,0.29
27726,0.6375,0.05,0.3125
27727,0.165,0.15,0.685
27728,0.02,0.67,0.31
27729,0.02,0.01,0.97
27730,0.135,0.205,0.66
27731,0.05,0.07333333333333333,0.8766666666666666
27732,0.15,0.3057142857142857,0.5442857142857143
27733,0.63,0.09,0.28
27734,0.05,0.254,0.696
27735,0.05,0.12,0.83
27736,0.02,0.6166666666666667,0.36333333333333334
27737,0.01,0.08,0.91
27738,0.01,0.05,0.94
27739,0.02,0.04,0.94
27740,0.33,0.0,0.67
27741,0.0,0.0,1.0
27742,0.0,0.45199999999999996,0.548
27743,0.0,0.7,0.3
27744,0.7,0.23666666666666664,0.06333333333333332
27745,0.14,0.42666666666666664,0.43333333333333335
27746,0.0,0.01,0.99
27747,0.04833333333333333,0.55,0.4016666666666667
27748,0.02,0.43,0.55
27749,0.115,0.165,0.72
27750,0.21833333333333332,0.6916666666666665,0.09
27751,0.6965,0.03,0.2735
27752,0.0,0.04833333333333333,0.9516666666666665
27753,0.02,0.7525,0.2275
27754,0.15,0.15,0.7
27755,0.04,0.01,0.95
27756,0.09333333333333332,0.03,0.8766666666666666
27757,0.05,0.056666666666666664,0.8933333333333334
27758,0.21833333333333335,0.7816666666666667,0.0
27759,0.02,0.08,0.9
27760,0.1,0.69,0.21
27761,0.01,0.05,0.94
27762,0.03,0.74,0.23
27763,0.012857142857142855,0.72,0.2671428571428571
27764,0.02,0.83,0.15
27765,0.04,0.877,0.083
27766,0.01,0.94,0.05
27767,0.01,0.56,0.43
27768,0.09,0.19,0.72
27769,0.5088333333333334,0.0,0.4911666666666667
27770,0.13,0.14,0.73
27771,0.16,0.39049999999999996,0.4494999999999999
27772,0.06,0.65,0.29
27773,0.06,0.75,0.19
27774,0.0,0.29461904761904756,0.7053809523809523
27775,0.22,0.06,0.72
27776,0.0,0.01,0.99
27777,0.2625,0.0525,0.685
27778,0.01,0.02,0.97
27779,0.07,0.19,0.74
27780,0.06,0.6133333333333334,0.3266666666666667
27781,0.14666666666666667,0.15,0.7033333333333333
27782,0.08,0.92,0.0
27783,0.02,0.4191666666666666,0.5608333333333334
27784,0.01,0.04,0.95
27785,0.0,0.09,0.91
27786,0.0,0.01,0.99
27787,0.02,0.01,0.97
27788,0.19,0.09,0.72
27789,0.05,0.214,0.736
27790,0.09,0.9,0.01
27791,0.0,0.01,0.99
27792,0.0475,0.3316666666666667,0.6208333333333333
27793,0.1,0.09,0.81
27794,0.05,0.66,0.29
27795,0.018571428571428572,0.515,0.4664285714285714
27796,0.01,0.32,0.67
27797,0.4724999999999999,0.01,0.5175
27798,0.05,0.06,0.89
27799,0.01,0.32,0.67
27800,0.09,0.135,0.775
27801,0.094,0.3466666666666666,0.5593333333333333
27802,0.225,0.21899999999999997,0.556
27803,0.2722380952380952,0.7277619047619048,0.0
27804,0.0,0.6300555555555555,0.3699444444444444
27805,0.04,0.06666666666666667,0.8933333333333334
27806,0.32,0.68,0.0
27807,0.3391666666666666,0.047333333333333324,0.6135
27808,0.024,0.05,0.9259999999999999
27809,0.11,0.07,0.82
27810,0.06,0.02,0.92
27811,0.01,0.265,0.725
27812,0.09,0.055,0.855
27813,0.0,0.02,0.98
27814,0.02,0.019999999999999997,0.96
27815,0.0815,0.8025,0.11599999999999999
27816,0.2275,0.1725,0.6
27817,0.05,0.319,0.6309999999999999
27818,0.04,0.145,0.815
27819,0.14,0.47,0.39
27820,0.11666666666666665,0.2033333333333333,0.68
27821,0.6986666666666668,0.0575,0.24383333333333337
27822,0.1,0.19916666666666663,0.7008333333333334
27823,0.07,0.34,0.59
27824,0.1,0.14,0.76
27825,0.0,0.02,0.98
27826,0.12,0.08,0.8
27827,0.12,0.25,0.63
27828,0.08,0.52,0.4
27829,0.0975,0.3575,0.545
27830,0.075,0.115,0.81
27831,0.01,0.85,0.14
27832,0.02,0.82,0.16
27833,0.03,0.46,0.51
27834,0.41,0.11666666666666665,0.4733333333333333
